1,0,1916
1,0,1598
1,0,1785
1,0,1644
1,0,1159
1,0,1356
1,0,1411
1,0,1304
1,0,1561
1,0,1213
1,0,1304
1,0,1452
1,0,1299
1,0,1296
1,0,1494
1,0,1658
1,0,1306
1,0,1451
1,0,1307
1,0,1217
1,0,1442
1,40.4738,1275
1,40.4738,2680
1,40.4738,1916
1,40.4738,1770
1,40.4738,1332
1,40.4738,2272
1,40.4738,2542
1,40.4738,1658
1,40.4738,1650
1,40.4738,1591
1,40.4738,2393
1,40.4738,1441
1,40.4738,1655
1,40.4738,1631
1,40.4738,1215
1,40.4738,2203
1,40.4738,1638
1,40.4738,1328
1,40.4738,1641
1,40.4738,2586
1,40.4738,1325
1,40.4738,1746
1,40.4738,1407
1,40.4738,1655
1,40.4738,1637
1,40.4738,1337
1,40.4738,1632
1,40.4738,1326
1,40.4738,2608
1,40.4738,1327
1,40.4738,1637
1,40.4738,2696
1,40.4738,2709
1,40.4738,1325
1,40.4738,1657
1,69.7211,1793
1,69.7211,1340
1,69.7211,2756
1,69.7211,1640
1,69.7211,1637
1,69.7211,1394
1,69.7211,1709
1,69.7211,1707
1,69.7211,2718
1,69.7211,1637
1,69.7211,1764
1,69.7211,1636
1,69.7211,1890
1,69.7211,1622
1,69.7211,1681
1,69.7211,1665
1,69.7211,1634
1,69.7211,2766
1,69.7211,1938
1,69.7211,2732
1,69.7211,1636
1,69.7211,1675
1,69.7211,2787
1,69.7211,2690
1,69.7211,1633
1,69.7211,1749
1,69.7211,1759
1,69.7211,1645
1,69.7211,1651
1,69.7211,1638
1,69.7211,1636
1,69.7211,1629
1,62.9302,1890
1,62.9302,1326
1,62.9302,1874
1,62.9302,1641
1,62.9302,1636
1,62.9302,1330
1,62.9302,1644
1,62.9302,1702
1,62.9302,1636
1,62.9302,1330
1,62.9302,1738
1,62.9302,2698
351,15.3257,11741
351,15.3257,12746
351,15.3257,12814
351,15.3257,12832
351,15.3257,14633
351,15.3257,12625
351,15.3257,12683
351,15.3257,11774
351,15.3257,12556
351,15.3257,11799
351,15.3257,11990
351,15.3257,14263
351,15.3257,12124
351,15.3257,12795
351,15.3257,12848
351,15.3257,12718
351,15.3257,11884
351,15.3257,12310
351,15.3257,12624
351,15.3257,12800
351,15.3257,12712
351,15.3257,12654
351,15.3257,12041
351,15.3257,12369
351,15.3257,12412
351,15.3257,12782
351,15.3257,14452
351,54.5094,12410
351,54.5094,12748
351,54.5094,12681
351,54.5094,12087
351,54.5094,12087
351,54.5094,12409
351,54.5094,13059
351,54.5094,14391
351,54.5094,12899
351,54.5094,12393
351,54.5094,14311
351,54.5094,12389
351,54.5094,12832
351,54.5094,11511
351,54.5094,14306
351,54.5094,12559
351,54.5094,12796
351,54.5094,12857
351,54.5094,12609
351,54.5094,11720
351,54.5094,12192
351,54.5094,12063
351,54.5094,12697
351,54.5094,12845
351,54.5094,12497
351,54.5094,12660
351,54.5094,12029
351,54.5094,12406
351,53.7634,12366
351,53.7634,12700
351,53.7634,11821
351,53.7634,14138
351,53.7634,12679
351,53.7634,12651
351,53.7634,12819
351,53.7634,14265
351,53.7634,12652
351,53.7634,12735
351,53.7634,12848
351,53.7634,12697
351,53.7634,12092
351,53.7634,12469
351,53.7634,12828
351,53.7634,12362
351,53.7634,14461
351,53.7634,12233
351,53.7634,12861
351,53.7634,11838
351,53.7634,14255
351,53.7634,12370
351,53.7634,12844
351,53.7634,13025
351,53.7634,12545
351,53.7634,12035
351,53.7634,11916
351,54.6177,12682
351,54.6177,12462
351,54.6177,12824
351,54.6177,13007
351,54.6177,12141
351,54.6177,11634
351,54.6177,11939
351,54.6177,12146
351,54.6177,13005
351,54.6177,12840
351,54.6177,12108
351,54.6177,14296
351,54.6177,12433
351,54.6177,12842
351,54.6177,12976
351,54.6177,12562
351,54.6177,12740
351,54.6177,12659
351,54.6177,11972
351,54.6177,12867
351,54.6177,13674
351,54.6177,13333
351,54.6177,14140
351,54.6177,12801
351,54.6177,12853
351,54.6177,12738
351,54.6177,13561
351,52.5794,14125
351,52.5794,12711
351,52.5794,12919
351,52.5794,12437
351,52.5794,12573
351,52.5794,12705
351,52.5794,12391
351,52.5794,12851
351,52.5794,12114
351,52.5794,13266
351,52.5794,14072
351,52.5794,12863
351,52.5794,12850
351,52.5794,13808
351,52.5794,12681
351,52.5794,12848
351,52.5794,12837
351,52.5794,14233
351,52.5794,12641
351,52.5794,12182
351,52.5794,12900
351,52.5794,13781
351,52.5794,12702
351,52.5794,12374
351,52.5794,12850
351,52.5794,14114
351,51.8962,12363
351,51.8962,12806
351,51.8962,12652
351,51.8962,14251
351,51.8962,12362
351,51.8962,12856
351,51.8962,12854
351,51.8962,14174
351,51.8962,12376
351,51.8962,13194
351,51.8962,13746
351,51.8962,12759
351,51.8962,12854
351,51.8962,11733
351,51.8962,14234
351,51.8962,12816
351,51.8962,12624
351,51.8962,13707
351,51.8962,12088
351,51.8962,12722
351,51.8962,12111
351,51.8962,13803
351,51.8962,12393
351,51.8962,12876
351,51.8962,11853
351,51.8962,13720
351,51.8962,12675
351,53.0452,12744
351,53.0452,11794
351,53.0452,13429
351,53.0452,12477
351,53.0452,12606
351,53.0452,14801
351,53.0452,13423
351,53.0452,12426
351,53.0452,12739
351,53.0452,12154
351,53.0452,13790
351,53.0452,12771
351,53.0452,12804
351,53.0452,13759
351,53.0452,12689
351,53.0452,12817
351,53.0452,12912
351,53.0452,13850
351,53.0452,12414
351,53.0452,12806
351,53.0452,12842
351,53.0452,14173
351,53.0452,12394
351,53.0452,12823
351,53.0452,11720
351,53.0452,12608
351,53.0452,14117
351,52.3763,12641
351,52.3763,12406
351,52.3763,12901
351,52.3763,12446
351,52.3763,14162
351,52.3763,12747
351,52.3763,12795
351,52.3763,12839
351,52.3763,13996
351,52.3763,12045
351,52.3763,14992
351,52.3763,13709
351,52.3763,12483
351,52.3763,14398
351,52.3763,12368
351,52.3763,12094
351,52.3763,12113
351,52.3763,12114
351,52.3763,12412
351,52.3763,12827
351,52.3763,12808
351,52.3763,14225
351,52.3763,12398
351,52.3763,12718
351,52.3763,12831
351,52.3763,14113
351,52.3763,14958
351,52.7344,14174
351,52.7344,12570
351,52.7344,12101
351,52.7344,11675
351,52.7344,13781
351,52.7344,12787
351,52.7344,12638
351,52.7344,14110
351,52.7344,12851
351,52.7344,12856
351,52.7344,13885
351,52.7344,12889
351,52.7344,12043
351,52.7344,12355
351,52.7344,14195
351,52.7344,12806
351,52.7344,12092
351,52.7344,14189
351,52.7344,12988
351,52.7344,12693
351,52.7344,14115
351,52.7344,12598
351,52.7344,13693
351,52.7344,12594
351,52.7344,12953
351,52.7344,12391
351,52.7888,12764
351,52.7888,12092
351,52.7888,14137
351,52.7888,13061
351,52.7888,12399
351,52.7888,14160
351,52.7888,12838
351,52.7888,14791
351,52.7888,11705
351,52.7888,12064
351,52.7888,11840
351,52.7888,12016
351,52.7888,11586
351,52.7888,12639
351,52.7888,12899
351,52.7888,11518
351,52.7888,11696
351,52.7888,11738
351,52.7888,11790
351,52.7888,12925
351,52.7888,12378
351,52.7888,12388
351,52.7888,12674
351,52.7888,14083
351,52.7888,12815
351,52.7888,11484
351,52.7888,13172
351,52.7888,14054
351,53.6585,12907
351,53.6585,11679
351,53.6585,14008
351,53.6585,13407
351,53.6585,12693
351,53.6585,13711
351,53.6585,12834
351,53.6585,13041
351,53.6585,14178
351,53.6585,12435
351,53.6585,12155
351,53.6585,12674
351,53.6585,12390
351,53.6585,12430
351,53.6585,12398
351,53.6585,12847
351,53.6585,11489
351,53.6585,14150
351,53.6585,12823
351,53.6585,12825
351,53.6585,14141
351,53.6585,12846
351,53.6585,12739
351,53.6585,12333
351,53.6585,12767
351,53.6585,12379
351,53.6585,13078
351,52.9412,12861
351,52.9412,14155
351,52.9412,12539
351,52.9412,12837
351,52.9412,12805
351,52.9412,14076
351,52.9412,12791
351,52.9412,12102
351,52.9412,12865
351,52.9412,13674
351,52.9412,12663
351,52.9412,12086
351,52.9412,13068
351,52.9412,14290
351,52.9412,12821
351,52.9412,11699
351,52.9412,12831
351,52.9412,14330
351,52.9412,12880
351,52.9412,12866
351,52.9412,14183
351,52.9412,12970
351,52.9412,12654
351,52.9412,14079
351,52.9412,12555
351,52.9412,12665
351,52.9412,12794
351,52.9412,13749
351,52.9412,12349
351,52.9412,12762
351,52.9412,12766
351,52.9412,14177
351,52.9412,13673
351,52.9412,12478
351,52.9412,13862
351,52.9412,12493
351,52.9412,12808
351,52.9412,12862
351,52.9412,14209
351,52.9412,13014
351,52.9412,12459
351,52.9412,12397
351,52.9412,12453
351,52.9412,12169
351,52.9412,12934
351,52.9412,12830
351,52.9412,12115
351,52.9412,12821
351,52.9412,12443
351,52.9412,14144
351,52.9412,12856
351,52.9412,12323
351,52.9412,14365
351,52.9412,11791
351,52.8893,11935
351,52.8893,12588
351,52.8893,11592
351,52.8893,12685
351,52.8893,12307
351,52.8893,12088
351,52.8893,12805
351,52.8893,14212
351,52.8893,12856
351,52.8893,11694
351,52.8893,12795
351,52.8893,13772
351,52.8893,12356
351,52.8893,12409
351,52.8893,13678
351,52.8893,14189
351,52.8893,12354
351,52.8893,12677
351,52.8893,13075
351,52.8893,14197
351,52.8893,12840
351,52.8893,12876
351,52.8893,12562
351,52.8893,12756
351,52.8893,12653
351,52.8893,12860
351,52.8893,12905
351,54.8355,14191
351,54.8355,12876
351,54.8355,12768
351,54.8355,14350
351,54.8355,12866
351,54.8355,12828
351,54.8355,12486
351,54.8355,12699
351,54.8355,12689
351,54.8355,12709
351,54.8355,11988
351,54.8355,12797
351,54.8355,12433
351,54.8355,12634
351,54.8355,12693
351,54.8355,12872
351,54.8355,11480
351,54.8355,13036
351,54.8355,12378
351,54.8355,12383
351,54.8355,12521
351,54.8355,14737
351,54.8355,11332
351,54.8355,12027
351,54.8355,12008
351,54.8355,14429
351,54.8355,14261
351,54.8355,12671
351,53.6062,14341
351,53.6062,12863
351,53.6062,13695
351,53.6062,12472
351,53.6062,11892
351,53.6062,12422
351,53.6062,12998
351,53.6062,12123
351,53.6062,11997
351,53.6062,12536
351,53.6062,14077
351,53.6062,12666
351,53.6062,12092
351,53.6062,13019
351,53.6062,13939
351,53.6062,14489
351,53.6062,12578
351,53.6062,12234
351,53.6062,12644
351,53.6062,12718
351,53.6062,12106
351,53.6062,14979
351,53.6062,14313
351,53.6062,12392
351,53.6062,12112
351,53.6062,13082
351,53.6062,14138
351,53.4653,12871
351,53.4653,11761
351,53.4653,12847
351,53.4653,14446
351,53.4653,15033
351,53.4653,12490
351,53.4653,12124
351,53.4653,12226
351,53.4653,12697
351,53.4653,12717
351,53.4653,12831
351,53.4653,12571
351,53.4653,14172
351,53.4653,14829
351,53.4653,12573
351,53.4653,14094
351,53.4653,12370
351,53.4653,12418
351,53.4653,13051
351,53.4653,13925
351,53.4653,12729
351,53.4653,11994
351,53.4653,12836
351,53.4653,12910
351,53.4653,12290
351,53.4653,12741
351,53.4653,12144
351,54.6177,14552
351,54.6177,12710
351,54.6177,11689
351,54.6177,11766
351,54.6177,12291
351,54.6177,12293
351,54.6177,12711
351,54.6177,12888
351,54.6177,13043
351,54.6177,12535
351,54.6177,12332
351,54.6177,11938
351,54.6177,12681
351,54.6177,12845
351,54.6177,12091
351,54.6177,12769
351,54.6177,12723
351,54.6177,12511
351,54.6177,12389
351,54.6177,12922
351,54.6177,12933
351,54.6177,12815
351,54.6177,12287
351,54.6177,12706
351,54.6177,12741
351,54.6177,12742
351,54.6177,12315
351,54.6177,13563
351,54.8902,12270
351,54.8902,12509
351,54.8902,14797
351,54.8902,13457
351,54.8902,12347
351,54.8902,14113
351,54.8902,12808
351,54.8902,12943
351,54.8902,12590
351,54.8902,14102
351,54.8902,13019
351,54.8902,12849
351,54.8902,12559
351,54.8902,12324
351,54.8902,12605
351,54.8902,12643
351,54.8902,12808
351,54.8902,12871
351,54.8902,12547
351,54.8902,12352
351,54.8902,12984
351,54.8902,12226
351,54.8902,12844
351,54.8902,12306
351,54.8902,13130
351,54.8902,11724
351,54.8902,11777
351,54.8902,13092
351,54.8482,12114
351,54.8482,12741
351,54.8482,12221
351,54.8482,11452
351,54.8482,12794
351,54.8482,12072
351,54.8482,14135
351,54.8482,12848
351,54.8482,12083
351,54.8482,13741
351,54.8482,14414
351,54.8482,11592
351,54.8482,12167
351,54.8482,12426
351,54.8482,14578
351,54.8482,11697
351,54.8482,12702
351,54.8482,11969
351,54.8482,11958
351,54.8482,12105
351,54.8482,12137
351,54.8482,14777
351,54.8482,12860
351,54.8482,14045
351,54.8482,12881
351,54.8482,12418
351,54.8482,12434
351,54.8482,12471
351,55.6107,14944
351,55.6107,12284
351,55.6107,12878
351,55.6107,12654
351,55.6107,17440
351,55.6107,15293
351,55.6107,11983
351,55.6107,12772
351,55.6107,12332
351,55.6107,12788
351,55.6107,12568
351,55.6107,12576
351,55.6107,12557
351,55.6107,12699
351,55.6107,12787
351,55.6107,12810
351,55.6107,12190
351,55.6107,12346
351,55.6107,12722
351,55.6107,12147
351,55.6107,12177
351,55.6107,11999
351,55.6107,12523
351,55.6107,12363
351,55.6107,12710
351,55.6107,12254
351,55.6107,12639
351,55.6107,12169
351,55.336,12704
351,55.336,12692
351,55.336,12876
351,55.336,12675
351,55.336,12445
351,55.336,12532
351,55.336,12898
351,55.336,12649
351,55.336,12662
351,55.336,12011
351,55.336,12610
351,55.336,11962
351,55.336,11772
351,55.336,13173
351,55.336,12447
351,55.336,12862
351,55.336,12830
351,55.336,14064
351,55.336,12762
351,55.336,12658
351,55.336,12818
351,55.336,12821
351,55.336,12688
351,55.336,11335
351,55.336,12214
351,55.336,12564
351,55.336,12136
351,55.336,12556
351,55.8882,12657
351,55.8882,12046
351,55.8882,12717
351,55.8882,12258
351,55.8882,12083
351,55.8882,12765
351,55.8882,12657
351,55.8882,12875
351,55.8882,12882
351,55.8882,12622
351,55.8882,12614
351,55.8882,12351
351,55.8882,12112
351,55.8882,12689
351,55.8882,12067
351,55.8882,11504
351,55.8882,13153
351,55.8882,11738
351,55.8882,12347
351,55.8882,11685
351,55.8882,11763
351,55.8882,12082
351,55.8882,12734
351,55.8882,12353
351,55.8882,12835
351,55.8882,11919
351,55.8882,12789
351,55.8882,12571
351,55.8882,11975
351,56.4752,12348
351,56.4752,12410
351,56.4752,12645
351,56.4752,12098
351,56.4752,12872
351,56.4752,12922
351,56.4752,12304
351,56.4752,12674
351,56.4752,12137
351,56.4752,12783
351,56.4752,11756
351,56.4752,13738
351,56.4752,12626
351,56.4752,12023
351,56.4752,11930
351,56.4752,12353
351,56.4752,12654
351,56.4752,11984
351,56.4752,12620
351,56.4752,12328
351,56.4752,12758
351,56.4752,11779
351,56.4752,12157
351,56.4752,12583
351,56.4752,12142
351,56.4752,12703
351,56.4752,12796
351,56.4752,12936
351,56.7729,12007
351,56.7729,12241
351,56.7729,12051
351,56.7729,12565
351,56.7729,12600
351,56.7729,12934
351,56.7729,11677
351,56.7729,12822
351,56.7729,12663
351,56.7729,12318
351,56.7729,12674
351,56.7729,12759
351,56.7729,12686
351,56.7729,11713
351,56.7729,12898
351,56.7729,12670
351,56.7729,11698
351,56.7729,12187
351,56.7729,12366
351,56.7729,12707
351,56.7729,12506
351,56.7729,12832
351,56.7729,12379
351,56.7729,12631
351,56.7729,11705
351,56.7729,11927
351,56.7729,11918
351,56.7729,12873
351,56.7729,14678
351,55.7185,11703
351,55.7185,12655
351,55.7185,12449
351,55.7185,12168
351,55.7185,12308
351,55.7185,12389
351,55.7185,12624
351,55.7185,12647
351,55.7185,12111
351,55.7185,12872
351,55.7185,11966
351,55.7185,12248
351,55.7185,12280
351,55.7185,12781
351,55.7185,12697
351,55.7185,12700
351,55.7185,12808
351,55.7185,13433
351,55.7185,11913
351,55.7185,12715
351,55.7185,12704
351,55.7185,12090
351,55.7185,11719
351,55.7185,12396
351,55.7185,12723
351,55.7185,12165
351,55.7185,11761
351,55.7185,12036
351,55.7185,11890
351,56.6406,12882
351,56.6406,12159
351,56.6406,12819
351,56.6406,12093
351,56.6406,12666
351,56.6406,12667
351,56.6406,11674
351,56.6406,11818
351,56.6406,12027
351,56.6406,11894
351,56.6406,12021
351,56.6406,12765
351,56.6406,12380
351,56.6406,15863
351,56.6406,11978
351,56.6406,12130
351,56.6406,12422
351,56.6406,12908
351,56.6406,19540
351,56.6406,11359
351,56.6406,12062
351,56.6406,11743
351,56.6406,11768
351,56.6406,12400
351,56.6406,12467
351,56.6406,12183
351,56.6406,12675
351,56.6406,13103
351,56.8862,13120
351,56.8862,11776
351,56.8862,12057
351,56.8862,12772
351,56.8862,12722
351,56.8862,13196
351,56.8862,12329
351,56.8862,12129
351,56.8862,12872
351,56.8862,12356
351,56.8862,11920
351,56.8862,12699
351,56.8862,12593
351,56.8862,13248
351,56.8862,12576
351,56.8862,12713
351,56.8862,12392
351,56.8862,12353
351,56.8862,11750
351,56.8862,12359
351,56.8862,12824
351,56.8862,12671
351,56.8862,12108
351,56.8862,12344
351,56.8862,13176
351,56.8862,12119
351,56.8862,15916
351,56.8862,12962
351,56.8862,12448
351,55.773,13009
351,55.773,14170
351,55.773,12378
351,55.773,12363
351,55.773,13012
351,55.773,12255
351,55.773,12673
351,55.773,12595
351,55.773,12293
351,55.773,12610
351,55.773,13058
351,55.773,12861
351,55.773,12849
351,55.773,12591
351,55.773,11731
351,55.773,12287
351,55.773,12289
351,55.773,12365
351,55.773,12732
351,55.773,12107
351,55.773,13014
351,55.773,12563
351,55.773,12383
351,55.773,12459
351,55.773,14265
351,55.773,13752
351,55.773,12233
351,55.773,12351
351,54.9558,12694
351,54.9558,12617
351,54.9558,11840
351,54.9558,11955
351,54.9558,12212
351,54.9558,12516
351,54.9558,12667
351,54.9558,11966
351,54.9558,12537
351,54.9558,12711
351,54.9558,11947
351,54.9558,11914
351,54.9558,12790
351,54.9558,12651
351,54.9558,12724
351,54.9558,12785
351,54.9558,12389
351,54.9558,11419
351,54.9558,12326
351,54.9558,12092
351,54.9558,11796
351,54.9558,12662
351,54.9558,12506
351,54.9558,12391
351,54.9558,12528
351,54.9558,12707
351,54.9558,12161
351,54.9558,11811
351,54.9558,11909
351,56.696,11941
351,56.696,12414
351,56.696,12810
351,56.696,12082
351,56.696,11915
351,56.696,12730
351,56.696,12661
351,56.696,12328
351,56.696,11824
351,56.696,12797
351,56.696,12640
351,56.696,12146
351,56.696,12756
351,56.696,12815
351,56.696,12992
351,56.696,12702
351,56.696,12676
351,56.696,12811
351,56.696,12357
351,56.696,12681
351,56.696,12590
351,56.696,12132
351,56.696,12473
351,56.696,12478
351,56.696,12133
351,56.696,12336
351,56.696,12722
351,56.696,12510
351,56.8295,12660
351,56.8295,11899
351,56.8295,11854
351,56.8295,11919
351,56.8295,12401
351,56.8295,12394
351,56.8295,12386
351,56.8295,12145
351,56.8295,12671
351,56.8295,12760
351,56.8295,12189
351,56.8295,11933
351,56.8295,12090
351,56.8295,12685
351,56.8295,12691
351,56.8295,12695
351,56.8295,12770
351,56.8295,12164
351,56.8295,11715
351,56.8295,11898
351,56.8295,12462
351,56.8295,12664
351,56.8295,12695
351,56.8295,12848
351,56.8295,12358
351,56.8295,12079
351,56.8295,11442
351,56.8295,12265
351,56.8295,12442
351,56.1576,12954
351,56.1576,12825
351,56.1576,12103
351,56.1576,12699
351,56.1576,12619
351,56.1576,11835
351,56.1576,12632
351,56.1576,12345
351,56.1576,12634
351,56.1576,12572
351,56.1576,12891
351,56.1576,12530
351,56.1576,12646
351,56.1576,11956
351,56.1576,1917
351,56.1576,1984
351,56.1576,1939
351,56.1576,2510
351,56.1576,1722
351,56.1576,2500
351,56.1576,2519
351,56.1576,1790
351,56.1576,2368
351,56.1576,2522
351,56.1576,1956
351,56.1576,2502
351,56.1576,1897
351,56.1576,1887
351,56.1576,2590
351,56.1576,2536
351,59.4059,2518
351,59.4059,2313
351,59.4059,1739
351,59.4059,1875
351,59.4059,2715
351,59.4059,2762
351,59.4059,1613
351,59.4059,1909
351,59.4059,2518
351,59.4059,1815
351,59.4059,2500
351,59.4059,1835
351,59.4059,1696
351,59.4059,2755
351,59.4059,2534
351,59.4059,1573
351,59.4059,2643
351,59.4059,1931
351,59.4059,1900
351,59.4059,2752
351,59.4059,2344
351,59.4059,1876
351,59.4059,2512
351,59.4059,2533
351,59.4059,1932
351,59.4059,2358
351,59.4059,2528
351,59.4059,1768
351,59.4059,2509
351,59.4059,2771
351,59.9401,1707
351,59.9401,2549
351,59.9401,2549
351,59.9401,1884
351,59.9401,1825
351,59.9401,2763
351,59.9401,1580
351,59.9401,2497
351,59.9401,2780
351,59.9401,1563
351,59.9401,2352
351,59.9401,1879
351,59.9401,1771
351,59.9401,2512
351,59.9401,2715
351,59.9401,1752
351,59.9401,1913
351,59.9401,2362
351,59.9401,1860
351,59.9401,2339
351,59.9401,2093
351,59.9401,1844
351,59.9401,2508
351,59.9401,2528
351,59.9401,1807
351,59.9401,2500
351,59.9401,1790
351,59.9401,1882
351,59.9401,2358
351,59.9401,2529
351,60.5159,1608
351,60.5159,2329
351,60.5159,1866
351,60.5159,1804
351,60.5159,2506
351,60.5159,1740
351,60.5159,1853
351,60.5159,1571
351,60.5159,2609
351,60.5159,1600
351,60.5159,2501
351,60.5159,2547
351,60.5159,1617
351,60.5159,2510
351,60.5159,1920
351,60.5159,1566
351,60.5159,2336
351,60.5159,1836
351,60.5159,1759
351,60.5159,2500
351,60.5159,2515
351,60.5159,1813
351,60.5159,2541
351,60.5159,2364
351,60.5159,1611
351,60.5159,2510
351,60.5159,2478
351,60.5159,1842
351,60.5159,2344
351,60.5159,2744
351,60.5159,1610
351,59.8626,2522
351,59.8626,2524
351,59.8626,1934
351,59.8626,2504
351,59.8626,2518
351,59.8626,1594
351,59.8626,2520
351,59.8626,2524
351,59.8626,1853
351,59.8626,2505
351,59.8626,1778
351,59.8626,1923
351,59.8626,2521
351,59.8626,2391
351,59.8626,1962
351,59.8626,2518
351,59.8626,2376
351,59.8626,3556
351,59.8626,2505
351,59.8626,2366
351,59.8626,1796
351,59.8626,2524
351,59.8626,2521
351,59.8626,1813
351,59.8626,2503
351,59.8626,2583
351,59.8626,1877
351,59.8626,2492
351,59.8626,2538
351,59.8626,1727
351,59.9401,2350
351,59.9401,2513
351,59.9401,1800
351,59.9401,2548
351,59.9401,2524
351,59.9401,1724
351,59.9401,2546
351,59.9401,2541
351,59.9401,1771
351,59.9401,2519
351,59.9401,1771
351,59.9401,1776
351,59.9401,1880
351,59.9401,2524
351,59.9401,1755
351,59.9401,2504
351,59.9401,2544
351,59.9401,1774
351,59.9401,2756
351,59.9401,1822
351,59.9401,1816
351,59.9401,2523
351,59.9401,2542
351,59.9401,1568
351,59.9401,1866
351,59.9401,2358
351,59.9401,1797
351,59.9401,2524
351,59.9401,2570
351,59.9401,1612
351,60.2767,1855
351,60.2767,1915
351,60.2767,1846
351,60.2767,2505
351,60.2767,2371
351,60.2767,1852
351,60.2767,2343
351,60.2767,2556
351,60.2767,1820
351,60.2767,2762
351,60.2767,1860
351,60.2767,1819
351,60.2767,2574
351,60.2767,2517
351,60.2767,1569
351,60.2767,1861
351,60.2767,2362
351,60.2767,1801
351,60.2767,1889
351,60.2767,1817
351,60.2767,1866
351,60.2767,2503
351,60.2767,1895
351,60.2767,1937
351,60.2767,2700
351,60.2767,1839
351,60.2767,1928
351,60.2767,1899
351,60.2767,2518
351,60.2767,1766
351,60.2767,2340
351,59.5703,1777
351,59.5703,1763
351,59.5703,2501
351,59.5703,1894
351,59.5703,1823
351,59.5703,2520
351,59.5703,2541
351,59.5703,1846
351,59.5703,1841
351,59.5703,2514
351,59.5703,1945
351,59.5703,2507
351,59.5703,2517
351,59.5703,1609
351,59.5703,1881
351,59.5703,2536
351,59.5703,1924
351,59.5703,2504
351,59.5703,1715
351,59.5703,1764
351,59.5703,1865
351,59.5703,1929
351,59.5703,1789
351,59.5703,2484
351,59.5703,2515
351,59.5703,1775
351,59.5703,2515
351,59.5703,2529
351,59.5703,1691
351,59.5703,2321
351,60.5159,2345
351,60.5159,1772
351,60.5159,2322
351,60.5159,2734
351,60.5159,1771
351,60.5159,2510
351,60.5159,2545
351,60.5159,1762
351,60.5159,2349
351,60.5159,2362
351,60.5159,1800
351,60.5159,2369
351,60.5159,1895
351,60.5159,1936
351,60.5159,2454
351,60.5159,1817
351,60.5159,1840
351,60.5159,2502
351,60.5159,2296
351,60.5159,1757
351,60.5159,2501
351,60.5159,2578
351,60.5159,1743
351,60.5159,1820
351,60.5159,2510
351,60.5159,1690
351,60.5159,2491
351,60.5159,1823
351,60.5159,1704
351,60.5159,1841
351,59.9401,1885
351,59.9401,1812
351,59.9401,2517
351,59.9401,2513
351,59.9401,1888
351,59.9401,2499
351,59.9401,2527
351,59.9401,1738
351,59.9401,2507
351,59.9401,1835
351,59.9401,1921
351,59.9401,2337
351,59.9401,1890
351,59.9401,1782
351,59.9401,1891
351,59.9401,1863
351,59.9401,1865
351,59.9401,2331
351,59.9401,2509
351,59.9401,1846
351,59.9401,2513
351,59.9401,2518
351,59.9401,1745
351,59.9401,2496
351,59.9401,2520
351,59.9401,1628
351,59.9401,2501
351,59.9401,2356
351,59.9401,1925
351,59.9401,2307
351,59.9401,1934
351,59.6869,1833
351,59.6869,2339
351,59.6869,2526
351,59.6869,1710
351,59.6869,2503
351,59.6869,2540
351,59.6869,1604
351,59.6869,2500
351,59.6869,2511
351,59.6869,1687
351,59.6869,1887
351,59.6869,1907
351,59.6869,1590
351,59.6869,2390
351,59.6869,2523
351,59.6869,1724
351,59.6869,2346
351,59.6869,2504
351,59.6869,1851
351,59.6869,2327
351,59.6869,2528
351,59.6869,1768
351,59.6869,1854
351,59.6869,2513
351,59.6869,1791
351,59.6869,2516
351,59.6869,2527
351,59.6869,1939
351,59.6869,2326
351,59.6869,1848
351,60.3363,1668
351,60.3363,2526
351,60.3363,1688
351,60.3363,1829
351,60.3363,2506
351,60.3363,1865
351,60.3363,1875
351,60.3363,2345
351,60.3363,2531
351,60.3363,1601
351,60.3363,2508
351,60.3363,1873
351,60.3363,1879
351,60.3363,2500
351,60.3363,1816
351,60.3363,1785
351,60.3363,2509
351,60.3363,1867
351,60.3363,1785
351,60.3363,1914
351,60.3363,1707
351,60.3363,1857
351,60.3363,1949
351,60.3363,1859
351,60.3363,1814
351,60.3363,1896
351,60.3363,1931
351,60.3363,1883
351,60.3363,1887
351,60.3363,1879
351,60.3363,1822
351,59.6869,1894
351,59.6869,1898
351,59.6869,1892
351,59.6869,1892
351,59.6869,1798
351,59.6869,1896
351,59.6869,1866
351,59.6869,2518
351,59.6869,1820
351,59.6869,1899
351,59.6869,1882
351,59.6869,1877
351,59.6869,1864
351,59.6869,1885
351,59.6869,1844
351,59.6869,1895
351,59.6869,1735
351,59.6869,1872
351,59.6869,1883
351,59.6869,1898
351,59.6869,1864
351,59.6869,1881
351,59.6869,1881
351,59.6869,1927
351,59.6869,1887
351,59.6869,2517
351,59.6869,1775
351,59.6869,1869
351,59.6869,1860
351,59.6869,1770
351,60.3363,2347
351,60.3363,1900
351,60.3363,1866
351,60.3363,1903
351,60.3363,1875
351,60.3363,1789
351,60.3363,1905
351,60.3363,1891
351,60.3363,1908
351,60.3363,1850
351,60.3363,1901
351,60.3363,1878
351,60.3363,1928
351,60.3363,1829
351,60.3363,1951
351,60.3363,1904
351,60.3363,1849
351,60.3363,1892
351,60.3363,1845
351,60.3363,1912
351,60.3363,1850
351,60.3363,1873
351,60.3363,1893
351,60.3363,1827
351,60.3363,1895
351,60.3363,1860
351,60.3363,1832
351,60.3363,1906
351,60.3363,1881
351,60.3363,1761
351,60.3363,1901
351,59.6869,1868
351,59.6869,1836
351,59.6869,2507
351,59.6869,1780
351,59.6869,1810
351,59.6869,1860
351,59.6869,1947
351,59.6869,1763
351,59.6869,1894
351,59.6869,1883
351,59.6869,1816
351,59.6869,1856
351,59.6869,2355
351,59.6869,1803
351,59.6869,1835
351,59.6869,1847
351,59.6869,1916
351,59.6869,1844
351,59.6869,1911
351,59.6869,1750
351,59.6869,1885
351,59.6869,1881
351,59.6869,1630
351,59.6869,1855
351,59.6869,1829
351,59.6869,1874
351,59.6869,1860
351,59.6869,1888
351,59.6869,1831
351,59.6869,1897
351,60.2767,1863
351,60.2767,2535
351,60.2767,1815
351,60.2767,1890
351,60.2767,2494
351,60.2767,1826
351,60.2767,1749
351,60.2767,1869
351,60.2767,1881
351,60.2767,2512
351,60.2767,1606
351,60.2767,1879
351,60.2767,1868
351,60.2767,2545
351,60.2767,1801
351,60.2767,1566
351,60.2767,1607
351,60.2767,2273
351,60.2767,1731
351,60.2767,1751
351,60.2767,1727
351,60.2767,1684
351,60.2767,1614
351,60.2767,2494
351,60.2767,1751
351,60.2767,1460
351,60.2767,1726
351,60.2767,1435
351,60.2767,2508
351,60.2767,1867
351,60.2767,2494
351,60.2767,1853
351,60.2767,1433
351,65.9341,1822
351,65.9341,2432
351,65.9341,1922
351,65.9341,1559
351,65.9341,1676
351,65.9341,1867
351,65.9341,1814
351,65.9341,1592
351,65.9341,1622
351,65.9341,1891
351,65.9341,2518
351,65.9341,1787
351,65.9341,1916
351,65.9341,1644
351,65.9341,1579
351,65.9341,1637
351,65.9341,1455
351,65.9341,1877
351,65.9341,1832
351,65.9341,1637
351,65.9341,1844
351,65.9341,1594
351,65.9341,1816
351,65.9341,1468
351,65.9341,1615
351,65.9341,2326
351,65.9341,1614
351,65.9341,1915
351,65.9341,1640
351,65.9341,1562
351,65.9341,2345
351,65.9341,1809
351,65.9341,2352
351,65.9341,2075
351,65.6863,1920
351,65.6863,1589
351,65.6863,1602
351,65.6863,1893
351,65.6863,1730
351,65.6863,1864
351,65.6863,1565
351,65.6863,1661
351,65.6863,1964
351,65.6863,1569
351,65.6863,2074
351,65.6863,1936
351,65.6863,1696
351,65.6863,1910
351,65.6863,1570
351,65.6863,1597
351,65.6863,1599
351,65.6863,2267
351,65.6863,1776
351,65.6863,1584
351,65.6863,1586
351,65.6863,1782
351,65.6863,1456
351,65.6863,1928
351,65.6863,1777
351,65.6863,1446
351,65.6863,1789
351,65.6863,2421
351,65.6863,1938
351,65.6863,1558
351,65.6863,1616
351,65.6863,2500
351,65.6863,2436
351,65.6863,1974
351,65.6863,1644
351,65.6863,1561
351,65.6863,1629
351,73.1949,1918
351,73.1949,1915
351,73.1949,2515
351,73.1949,1897
351,73.1949,1733
351,73.1949,1573
351,73.1949,1996
351,73.1949,1579
351,73.1949,1573
351,73.1949,2492
351,73.1949,1731
351,73.1949,2352
351,73.1949,1528
351,73.1949,1718
351,73.1949,1789
351,73.1949,2482
351,73.1949,1697
351,73.1949,1886
351,73.1949,1811
351,73.1949,2298
351,73.1949,1774
351,73.1949,2501
351,73.1949,2131
351,73.1949,2515
351,73.1949,2358
351,73.1949,1806
351,73.1949,2503
351,73.1949,2316
351,73.1949,1834
351,73.1949,2520
351,73.1949,2157
351,73.1949,1788
351,62.6836,2314
351,62.6836,2504
351,62.6836,1735
351,62.6836,2495
351,62.6836,2504
351,62.6836,1881
351,62.6836,2509
351,62.6836,2513
351,62.6836,2546
351,62.6836,1845
351,62.6836,2497
351,62.6836,1739
351,62.6836,2500
351,62.6836,1559
351,62.6836,2492
351,62.6836,1881
351,62.6836,2345
351,62.6836,2534
351,62.6836,1879
351,62.6836,2487
351,62.6836,1767
351,62.6836,2500
351,62.6836,1865
351,62.6836,1847
351,62.6836,2493
351,62.6836,2352
351,62.6836,1868
351,62.6836,2501
351,62.6836,2343
351,62.6836,1751
351,59.9401,2494
351,59.9401,2490
351,59.9401,1869
351,59.9401,2493
351,59.9401,1708
351,59.9401,1795
351,59.9401,2500
351,59.9401,2352
351,59.9401,1770
351,59.9401,2495
351,59.9401,2316
351,59.9401,1746
351,59.9401,2343
351,59.9401,2294
351,59.9401,1911
351,59.9401,2452
351,59.9401,2486
351,59.9401,1668
351,59.9401,2496
351,59.9401,2486
351,59.9401,1742
351,59.9401,2534
351,59.9401,2512
351,59.9401,1674
351,59.9401,2321
351,59.9401,2493
351,59.9401,1655
351,59.9401,2502
351,59.9401,1843
351,59.9401,1821
351,59.9401,1861
351,59.9401,1866
351,59.9401,1871
351,59.9401,2497
351,59.9401,2336
351,59.9401,1815
351,59.9401,2494
351,59.9401,2502
351,59.9401,1657
351,59.9401,2504
351,59.9401,2489
351,59.9401,1803
351,59.9401,2499
351,59.9401,2486
351,59.9401,1854
351,59.9401,2492
351,59.9401,2340
351,59.9401,1882
351,59.9401,2496
351,59.9401,2335
351,59.9401,1815
351,59.9401,2554
351,59.9401,2307
351,59.9401,1911
351,59.9401,2504
351,59.9401,1878
351,59.9401,1862
351,59.9401,2345
351,59.9401,2496
351,59.9401,1774
351,60.3363,2496
351,60.3363,1885
351,60.3363,1765
351,60.3363,2491
351,60.3363,1834
351,60.3363,1868
351,60.3363,1794
351,60.3363,2339
351,60.3363,1694
351,60.3363,2496
351,60.3363,1821
351,60.3363,1802
351,60.3363,2501
351,60.3363,1733
351,60.3363,1931
351,60.3363,2499
351,60.3363,1856
351,60.3363,2500
351,60.3363,2485
351,60.3363,2651
351,60.3363,1754
351,60.3363,1842
351,60.3363,2509
351,60.3363,1875
351,60.3363,2314
351,60.3363,1872
351,60.3363,1826
351,60.3363,2513
351,60.3363,2501
351,60.3363,1918
351,60.3363,2492
351,59.4542,1663
351,59.4542,1687
351,59.4542,1877
351,59.4542,1849
351,59.4542,1874
351,59.4542,2320
351,59.4542,2506
351,59.4542,1910
351,59.4542,2502
351,59.4542,1903
351,59.4542,1815
351,59.4542,1876
351,59.4542,1783
351,59.4542,1761
351,59.4542,2526
351,59.4542,2490
351,59.4542,1689
351,59.4542,2504
351,59.4542,1717
351,59.4542,1768
351,59.4542,2492
351,59.4542,1856
351,59.4542,1859
351,59.4542,2305
351,59.4542,2390
351,59.4542,1806
351,59.4542,2498
351,59.4542,2490
351,59.4542,1759
351,59.4542,2489
351,60.5159,1866
351,60.5159,1940
351,60.5159,2495
351,60.5159,1717
351,60.5159,1762
351,60.5159,1820
351,60.5159,2498
351,60.5159,2292
351,60.5159,2500
351,60.5159,1878
351,60.5159,1769
351,60.5159,2508
351,60.5159,2440
351,60.5159,1902
351,60.5159,2494
351,60.5159,1850
351,60.5159,1843
351,60.5159,2497
351,60.5159,1640
351,60.5159,2332
351,60.5159,2496
351,60.5159,1796
351,60.5159,1751
351,60.5159,1834
351,60.5159,1933
351,60.5159,1714
351,60.5159,2503
351,60.5159,2472
351,60.5159,1789
351,60.5159,2490
351,60.5159,1867
351,59.6869,1699
351,59.6869,1886
351,59.6869,1822
351,59.6869,1910
351,59.6869,1829
351,59.6869,2491
351,59.6869,1811
351,59.6869,2494
351,59.6869,1912
351,59.6869,1835
351,59.6869,1857
351,59.6869,1786
351,59.6869,1875
351,59.6869,1885
351,59.6869,1834
351,59.6869,1847
351,59.6869,1923
351,59.6869,2333
351,59.6869,1679
351,59.6869,1881
351,59.6869,1890
351,59.6869,1864
351,59.6869,1835
351,59.6869,1872
351,59.6869,1850
351,59.6869,1728
351,59.6869,1908
351,59.6869,1835
351,59.6869,1884
351,59.6869,1870
351,60.3363,1872
351,60.3363,1894
351,60.3363,1805
351,60.3363,1836
351,60.3363,1858
351,60.3363,2494
351,60.3363,1871
351,60.3363,1898
351,60.3363,1860
351,60.3363,1870
351,60.3363,1854
351,60.3363,2534
351,60.3363,1718
351,60.3363,2494
351,60.3363,1864
351,60.3363,1884
351,60.3363,1866
351,60.3363,2490
351,60.3363,1842
351,60.3363,1888
351,60.3363,2504
351,60.3363,1864
351,60.3363,1771
351,60.3363,1886
351,60.3363,1853
351,60.3363,1829
351,60.3363,1720
351,60.3363,1869
351,60.3363,2500
351,60.3363,1821
351,60.3363,1778
351,59.7453,1913
351,59.7453,1811
351,59.7453,1809
351,59.7453,2502
351,59.7453,1815
351,59.7453,1856
351,59.7453,1856
351,59.7453,1840
351,59.7453,2272
351,59.7453,2337
351,59.7453,1743
351,59.7453,1751
351,59.7453,2495
351,59.7453,1845
351,59.7453,1810
351,59.7453,2312
351,59.7453,1785
351,59.7453,1852
351,59.7453,1614
351,59.7453,1861
351,59.7453,1850
351,59.7453,1868
351,59.7453,2501
351,59.7453,1809
351,59.7453,2504
351,59.7453,1833
351,59.7453,1837
351,59.7453,1821
351,59.7453,1889
351,59.7453,2502
351,59.761,1826
351,59.761,1836
351,59.761,1838
351,59.761,1881
351,59.761,1873
351,59.761,2518
351,59.761,1830
351,59.761,1843
351,59.761,1820
351,59.761,1862
351,59.761,1823
351,59.761,2191
351,59.761,1779
351,59.761,1859
351,59.761,1880
351,59.761,1879
351,59.761,1820
351,59.761,1848
351,59.761,2497
351,59.761,1778
351,59.761,1763
351,59.761,2316
351,59.761,1568
351,59.761,2034
351,59.761,1812
351,59.761,2331
351,59.761,2427
351,59.761,1857
351,59.761,1761
351,59.761,1834
351,60.5159,2509
351,60.5159,1822
351,60.5159,1849
351,60.5159,2490
351,60.5159,1832
351,60.5159,2286
351,60.5159,1878
351,60.5159,1858
351,60.5159,2327
351,60.5159,1804
351,60.5159,2534
351,60.5159,1764
351,60.5159,1827
351,60.5159,1847
351,60.5159,1872
351,60.5159,1872
351,60.5159,1843
351,60.5159,1884
351,60.5159,1833
351,60.5159,2488
351,60.5159,1772
351,60.5159,1849
351,60.5159,2499
351,60.5159,1844
351,60.5159,2489
351,60.5159,1811
351,60.5159,1916
351,60.5159,2502
351,60.5159,1861
351,60.5159,1887
351,60.5159,2504
351,59.4542,1797
351,59.4542,1831
351,59.4542,2494
351,59.4542,1829
351,59.4542,1787
351,59.4542,2491
351,59.4542,1869
351,59.4542,1745
351,59.4542,1823
351,59.4542,1852
351,59.4542,1841
351,59.4542,2492
351,59.4542,1827
351,59.4542,1935
351,59.4542,2489
351,59.4542,1834
351,59.4542,2516
351,59.4542,1794
351,59.4542,1569
351,59.4542,1792
351,59.4542,1866
351,59.4542,2351
351,59.4542,1889
351,59.4542,1827
351,59.4542,2492
351,59.4542,1825
351,59.4542,2497
351,59.4542,1850
351,59.4542,1871
351,59.4542,1462
351,59.4542,1678
351,61.2648,2473
351,61.2648,1825
351,61.2648,2449
351,61.2648,2473
351,61.2648,1884
351,61.2648,2505
351,61.2648,1837
351,61.2648,1426
351,61.2648,1818
351,61.2648,1557
351,61.2648,1880
351,61.2648,1779
351,61.2648,1852
351,61.2648,1717
351,61.2648,1681
351,61.2648,2482
351,61.2648,1807
351,61.2648,2507
351,61.2648,1827
351,61.2648,2055
351,61.2648,1692
351,61.2648,1583
351,61.2648,1640
351,61.2648,1713
351,61.2648,1862
351,61.2648,1838
351,61.2648,2493
351,61.2648,1842
351,61.2648,2486
351,61.2648,1892
351,61.2648,1500
351,61.2648,1572
351,61.2648,1433
351,65.6716,2003
351,65.6716,1452
351,65.6716,1736
351,65.6716,1425
351,65.6716,1798
351,65.6716,2576
351,65.6716,1623
351,65.6716,2480
351,65.6716,2499
351,65.6716,1961
351,65.6716,2486
351,65.6716,1782
351,65.6716,1551
351,65.6716,1730
351,65.6716,1552
351,65.6716,1552
351,65.6716,1666
351,65.6716,1905
351,65.6716,1779
351,65.6716,1911
351,65.6716,1708
351,65.6716,1915
351,65.6716,1677
351,65.6716,2481
351,65.6716,2439
351,65.6716,1551
351,65.6716,1570
351,65.6716,1767
351,65.6716,2493
351,65.6716,2004
351,65.6716,1794
351,65.6716,1454
351,65.6716,1849
351,65.6716,1450
351,65.6716,1686
351,70.5065,2491
351,70.5065,1867
351,70.5065,1899
351,70.5065,1903
351,70.5065,2503
351,70.5065,1832
351,70.5065,1565
351,70.5065,1565
351,70.5065,2149
351,70.5065,1586
351,70.5065,1914
351,70.5065,1721
351,70.5065,1624
351,70.5065,1857
351,70.5065,1839
351,70.5065,1448
351,70.5065,1679
351,70.5065,1914
351,70.5065,1699
351,70.5065,2490
351,70.5065,1796
351,70.5065,1451
351,70.5065,1766
351,70.5065,1910
351,70.5065,1732
351,70.5065,1848
351,70.5065,2417
351,70.5065,1421
351,70.5065,1868
351,70.5065,1723
351,70.5065,1837
351,70.5065,1718
351,70.5065,1899
351,70.5065,1567
351,70.5065,1561
351,70.5065,1428
351,71.8563,1737
351,71.8563,1425
351,71.8563,1922
351,71.8563,1424
351,71.8563,1790
351,71.8563,1557
351,71.8563,1565
351,71.8563,1426
351,71.8563,1626
351,71.8563,1430
351,71.8563,2465
351,71.8563,1556
351,71.8563,1548
351,71.8563,1910
351,71.8563,1684
351,71.8563,2429
351,71.8563,1593
351,71.8563,1605
351,71.8563,1911
351,71.8563,1822
351,71.8563,1721
351,71.8563,1629
351,71.8563,2333
351,71.8563,1597
351,71.8563,1550
351,71.8563,1938
351,71.8563,1750
351,71.8563,1904
351,71.8563,1643
351,71.8563,2489
351,71.8563,2429
351,71.8563,1550
351,71.8563,1559
351,71.8563,2526
351,71.8563,1847
351,71.8563,1551
351,71.8563,1564
351,71.8563,2349
351,73.4574,1610
351,73.4574,2940
351,73.4574,1549
351,73.4574,1560
351,73.4574,1844
351,73.4574,2247
351,73.4574,1552
351,73.4574,1568
351,73.4574,2488
351,73.4574,1610
351,73.4574,1554
351,73.4574,1912
351,73.4574,1553
351,73.4574,1426
351,73.4574,1840
351,73.4574,1843
351,73.4574,2005
351,73.4574,2497
351,73.4574,2529
351,73.4574,1822
351,73.4574,1812
351,73.4574,2545
351,73.4574,1937
351,73.4574,1430
351,73.4574,1751
351,73.4574,2535
351,73.4574,2531
351,73.4574,2500
351,73.4574,2563
351,73.4574,2551
351,73.4574,1839
351,73.4574,2522
351,63.9361,2733
351,63.9361,1819
351,63.9361,2766
351,63.9361,1861
351,63.9361,1825
351,63.9361,1876
351,63.9361,1557
351,63.9361,2166
351,63.9361,2324
351,63.9361,2319
351,63.9361,1770
351,63.9361,2511
351,63.9361,1922
351,63.9361,1834
351,63.9361,2513
351,63.9361,2334
351,63.9361,1767
351,63.9361,2499
351,63.9361,1866
351,63.9361,2550
351,63.9361,1568
351,63.9361,1582
351,63.9361,2552
351,63.9361,1839
351,63.9361,2506
351,63.9361,1748
351,63.9361,2500
351,63.9361,1913
351,63.9361,2516
351,63.9361,2539
351,59.8802,1913
351,59.8802,2505
351,59.8802,2495
351,59.8802,1813
351,59.8802,1905
351,59.8802,1694
351,59.8802,2500
351,59.8802,1847
351,59.8802,1897
351,59.8802,2512
351,59.8802,1821
351,59.8802,2360
351,59.8802,2332
351,59.8802,2495
351,59.8802,1869
351,59.8802,2704
351,59.8802,1876
351,59.8802,1888
351,59.8802,2498
351,59.8802,1922
351,59.8802,2505
351,59.8802,1880
351,59.8802,1899
351,59.8802,2348
351,59.8802,1825
351,59.8802,1832
351,59.8802,1866
351,59.8802,1918
351,59.8802,2503
351,59.8802,2508
351,60.5159,2506
351,60.5159,1802
351,60.5159,2484
351,60.5159,1560
351,60.5159,2502
351,60.5159,1890
351,60.5159,2691
351,60.5159,1880
351,60.5159,2534
351,60.5159,1752
351,60.5159,1913
351,60.5159,2493
351,60.5159,1868
351,60.5159,1887
351,60.5159,2513
351,60.5159,1865
351,60.5159,1883
351,60.5159,2501
351,60.5159,1876
351,60.5159,1897
351,60.5159,2498
351,60.5159,1864
351,60.5159,1598
351,60.5159,2508
351,60.5159,1873
351,60.5159,1866
351,60.5159,2345
351,60.5159,2499
351,60.5159,1798
351,60.5159,2751
351,59.9401,1838
351,59.9401,2342
351,59.9401,2499
351,59.9401,1753
351,59.9401,1726
351,59.9401,2497
351,59.9401,1778
351,59.9401,2513
351,59.9401,2335
351,59.9401,2515
351,59.9401,1815
351,59.9401,2495
351,59.9401,1959
351,59.9401,2559
351,59.9401,1733
351,59.9401,2550
351,59.9401,1815
351,59.9401,2504
351,59.9401,1895
351,59.9401,1885
351,59.9401,2751
351,59.9401,1877
351,59.9401,2336
351,59.9401,1905
351,59.9401,1903
351,59.9401,2606
351,59.9401,2527
351,59.9401,2514
351,59.9401,1922
351,59.9401,2507
351,59.9401,2498
351,59.5703,1876
351,59.5703,2674
351,59.5703,1874
351,59.5703,2552
351,59.5703,1912
351,59.5703,1765
351,59.5703,2533
351,59.5703,1854
351,59.5703,2502
351,59.5703,1807
351,59.5703,2503
351,59.5703,2497
351,59.5703,1821
351,59.5703,2754
351,59.5703,1853
351,59.5703,1903
351,59.5703,2518
351,59.5703,1882
351,59.5703,1867
351,59.5703,2497
351,59.5703,1868
351,59.5703,2377
351,59.5703,1917
351,59.5703,2534
351,59.5703,1809
351,59.5703,2499
351,59.5703,1869
351,59.5703,1857
351,59.5703,2524
351,59.5703,2595
351,59.8802,1770
351,59.8802,2605
351,59.8802,1892
351,59.8802,1916
351,59.8802,2341
351,59.8802,1934
351,59.8802,2545
351,59.8802,1854
351,59.8802,2510
351,59.8802,1930
351,59.8802,2521
351,59.8802,1848
351,59.8802,1873
351,59.8802,2522
351,59.8802,1878
351,59.8802,2556
351,59.8802,1882
351,59.8802,2608
351,59.8802,1846
351,59.8802,2506
351,59.8802,1865
351,59.8802,1913
351,59.8802,2495
351,59.8802,1915
351,59.8802,1818
351,59.8802,2342
351,59.8802,1924
351,59.8802,2488
351,59.8802,2510
351,59.8802,1879
351,60.6362,1880
351,60.6362,2493
351,60.6362,2541
351,60.6362,1664
351,60.6362,2498
351,60.6362,2499
351,60.6362,1874
351,60.6362,1765
351,60.6362,2499
351,60.6362,1720
351,60.6362,2498
351,60.6362,1878
351,60.6362,2550
351,60.6362,1881
351,60.6362,2551
351,60.6362,1819
351,60.6362,2513
351,60.6362,1874
351,60.6362,1725
351,60.6362,2506
351,60.6362,1915
351,60.6362,1927
351,60.6362,2492
351,60.6362,2503
351,60.6362,1810
351,60.6362,2511
351,60.6362,1929
351,60.6362,2503
351,60.6362,2523
351,60.6362,1879
351,60.6362,2550
351,59.4542,1874
351,59.4542,1771
351,59.4542,1823
351,59.4542,2498
351,59.4542,2490
351,59.4542,1881
351,59.4542,1869
351,59.4542,2506
351,59.4542,1803
351,59.4542,2368
351,59.4542,1882
351,59.4542,1883
351,59.4542,2500
351,59.4542,2498
351,59.4542,1868
351,59.4542,2337
351,59.4542,2482
351,59.4542,1850
351,59.4542,2334
351,59.4542,2329
351,59.4542,2522
351,59.4542,2488
351,59.4542,2516
351,59.4542,1887
351,59.4542,2494
351,59.4542,1900
351,59.4542,2502
351,59.4542,2508
351,59.4542,2533
351,59.4542,1818
351,60.576,2337
351,60.576,2517
351,60.576,1826
351,60.576,2503
351,60.576,1758
351,60.576,2342
351,60.576,2513
351,60.576,1723
351,60.576,2481
351,60.576,1890
351,60.576,2491
351,60.576,1796
351,60.576,2495
351,60.576,1878
351,60.576,1870
351,60.576,2498
351,60.576,2493
351,60.576,1811
351,60.576,2495
351,60.576,1887
351,60.576,2500
351,60.576,2499
351,60.576,2346
351,60.576,1914
351,60.576,2498
351,60.576,1903
351,60.576,1887
351,60.576,2341
351,60.576,2489
351,60.576,1784
351,60.576,2337
351,59.5122,2523
351,59.5122,1918
351,59.5122,2503
351,59.5122,1854
351,59.5122,1927
351,59.5122,2525
351,59.5122,1816
351,59.5122,1933
351,59.5122,2515
351,59.5122,1878
351,59.5122,2529
351,59.5122,1883
351,59.5122,2497
351,59.5122,1826
351,59.5122,2503
351,59.5122,1913
351,59.5122,2525
351,59.5122,1891
351,59.5122,2500
351,59.5122,1874
351,59.5122,2496
351,59.5122,2563
351,59.5122,1712
351,59.5122,2321
351,59.5122,1888
351,59.5122,2505
351,59.5122,1921
351,59.5122,1872
351,59.5122,2555
351,59.5122,2497
351,59.9401,2370
351,59.9401,1873
351,59.9401,2500
351,59.9401,2489
351,59.9401,1887
351,59.9401,1926
351,59.9401,2504
351,59.9401,1816
351,59.9401,2492
351,59.9401,1818
351,59.9401,1845
351,59.9401,2507
351,59.9401,1566
351,59.9401,1622
351,59.9401,1856
351,59.9401,1892
351,59.9401,2496
351,59.9401,1594
351,59.9401,2334
351,59.9401,1876
351,59.9401,2489
351,59.9401,2505
351,59.9401,1914
351,59.9401,2500
351,59.9401,1901
351,59.9401,1955
351,59.9401,1871
351,59.9401,1909
351,59.9401,1853
351,59.9401,2487
351,60.5159,1876
351,60.5159,1908
351,60.5159,2501
351,60.5159,1846
351,60.5159,2559
351,60.5159,1796
351,60.5159,2508
351,60.5159,1767
351,60.5159,2493
351,60.5159,1803
351,60.5159,1827
351,60.5159,2555
351,60.5159,1912
351,60.5159,1852
351,60.5159,2494
351,60.5159,2292
351,60.5159,1591
351,60.5159,1863
351,60.5159,2487
351,60.5159,1552
351,60.5159,2338
351,60.5159,1819
351,60.5159,1832
351,60.5159,2497
351,60.5159,2495
351,60.5159,1791
351,60.5159,1893
351,60.5159,2493
351,60.5159,1725
351,60.5159,2503
351,60.5159,1746
351,59.7453,2515
351,59.7453,2498
351,59.7453,2341
351,59.7453,2341
351,59.7453,1919
351,59.7453,2512
351,59.7453,1847
351,59.7453,2368
351,59.7453,2334
351,59.7453,1919
351,59.7453,1873
351,59.7453,1721
351,59.7453,2490
351,59.7453,2517
351,59.7453,1836
351,59.7453,1913
351,59.7453,2335
351,59.7453,2330
351,59.7453,1818
351,59.7453,2501
351,59.7453,2513
351,59.7453,1909
351,59.7453,1884
351,59.7453,2493
351,59.7453,1682
351,59.7453,1875
351,59.7453,1834
351,59.7453,2522
351,59.7453,2332
351,59.7453,1848
351,60.3363,1909
351,60.3363,2495
351,60.3363,2496
351,60.3363,1792
351,60.3363,1606
351,60.3363,1751
351,60.3363,2531
351,60.3363,2375
351,60.3363,2339
351,60.3363,1907
351,60.3363,1856
351,60.3363,2487
351,60.3363,1820
351,60.3363,2497
351,60.3363,2497
351,60.3363,1937
351,60.3363,2494
351,60.3363,2489
351,60.3363,1881
351,60.3363,1875
351,60.3363,2510
351,60.3363,1916
351,60.3363,2492
351,60.3363,1805
351,60.3363,2487
351,60.3363,2499
351,60.3363,1868
351,60.3363,2352
351,60.3363,2334
351,60.3363,1866
351,60.3363,1928
351,59.6285,2406
351,59.6285,1806
351,59.6285,2488
351,59.6285,1824
351,59.6285,2505
351,59.6285,2527
351,59.6285,2494
351,59.6285,1869
351,59.6285,1916
351,59.6285,2498
351,59.6285,2499
351,59.6285,1806
351,59.6285,2497
351,59.6285,1682
351,59.6285,2526
351,59.6285,1876
351,59.6285,2492
351,59.6285,1621
351,59.6285,2494
351,59.6285,2481
351,59.6285,1859
351,59.6285,2500
351,59.6285,1810
351,59.6285,1826
351,59.6285,2488
351,59.6285,2449
351,59.6285,1766
351,59.6285,2527
351,59.6285,2496
351,59.6285,1908
351,60.396,2492
351,60.396,2493
351,60.396,1721
351,60.396,1686
351,60.396,2476
351,60.396,1766
351,60.396,2528
351,60.396,1760
351,60.396,1818
351,60.396,1823
351,60.396,2485
351,60.396,1769
351,60.396,2490
351,60.396,2492
351,60.396,1723
351,60.396,2492
351,60.396,2488
351,60.396,1812
351,60.396,2495
355,60.396,1446
355,60.396,1514
355,60.396,1445
355,60.396,1858
355,60.396,1606
355,60.396,1763
355,60.396,1844
355,60.396,2758
355,60.396,1907
355,60.396,2096
356,60.396,1728
356,59.761,1853
356,59.761,1852
356,59.761,1925
356,59.761,2002
356,59.761,1851
356,59.761,1877
356,59.761,2073
356,59.761,2090
356,59.761,1860
356,59.761,2088
356,59.761,2023
356,59.761,2867
356,59.761,1699
356,59.761,1980
356,59.761,1854
356,59.761,2125
356,59.761,2027
356,59.761,1860
356,59.761,1997
356,59.761,2089
356,59.761,1974
356,59.761,2051
356,59.761,2052
356,59.761,1856
356,59.761,2855
356,59.761,1924
356,59.761,2110
356,59.761,1923
356,59.761,1865
356,59.761,1879
356,59.761,2081
356,59.6869,2016
356,59.6869,1988
356,59.6869,1848
356,59.6869,2030
356,59.6869,1934
356,59.6869,2095
356,59.6869,2088
356,59.6869,1791
356,59.6869,2152
356,59.6869,2019
356,59.6869,1948
356,59.6869,2099
356,59.6869,2109
356,59.6869,1938
356,59.6869,1920
356,59.6869,1756
356,59.6869,1827
356,59.6869,2111
356,59.6869,1931
356,59.6869,1998
356,59.6869,2090
356,59.6869,2107
356,59.6869,2065
356,59.6869,1929
356,59.6869,1940
356,59.6869,1934
356,59.6869,2007
356,59.6869,2158
356,59.6869,1956
356,59.6869,2145
356,60.3363,2039
356,60.3363,1930
356,60.3363,2085
356,60.3363,2100
356,60.3363,1947
356,60.3363,2098
356,60.3363,2059
356,60.3363,1930
356,60.3363,2154
356,60.3363,1927
356,60.3363,2032
356,60.3363,2307
356,60.3363,2065
356,60.3363,1943
356,60.3363,2153
356,60.3363,1951
356,60.3363,2058
356,60.3363,1938
356,60.3363,2042
356,60.3363,2172
356,60.3363,2160
356,60.3363,1927
356,60.3363,2152
356,60.3363,1925
356,60.3363,1950
356,60.3363,2064
356,60.3363,2058
356,60.3363,2081
356,60.3363,2200
356,60.3363,2318
356,60.3363,2085
356,59.6869,1935
356,59.6869,2085
356,59.6869,2107
356,59.6869,1956
356,59.6869,2182
356,59.6869,2093
356,59.6869,1933
356,59.6869,2104
356,59.6869,1945
356,59.6869,2106
356,59.6869,2133
356,59.6869,2108
356,59.6869,1935
356,59.6869,2099
356,59.6869,2163
356,59.6869,1996
356,59.6869,2232
356,59.6869,2231
356,59.6869,2000
356,59.6869,2014
356,59.6869,1928
356,59.6869,2043
356,59.6869,2163
356,59.6869,2106
356,59.6869,2047
356,59.6869,2163
356,59.6869,1929
356,59.6869,2176
356,59.6869,2180
356,59.6869,2028
356,60.396,1934
356,60.396,2236
356,60.396,1929
356,60.396,2077
356,60.396,2150
356,60.396,1943
356,60.396,1948
356,60.396,2134
356,60.396,2073
356,60.396,2751
356,60.396,1932
356,60.396,2111
356,60.396,2074
356,60.396,2141
356,60.396,2296
356,60.396,2059
356,60.396,2112
356,60.396,2011
356,60.396,1937
356,60.396,2254
356,60.396,2096
356,60.396,1934
356,60.396,2136
356,60.396,2145
356,60.396,1971
356,60.396,2202
356,60.396,2330
356,60.396,1918
356,60.396,1769
356,60.396,1826
356,60.396,1933
356,60.6965,1798
356,60.6965,1826
356,60.6965,2055
356,60.6965,2062
356,60.6965,1926
356,60.6965,2233
356,60.6965,2073
356,60.6965,2233
356,60.6965,2246
356,60.6965,2073
356,60.6965,2111
356,60.6965,2059
356,60.6965,1985
356,60.6965,2139
356,60.6965,2005
356,60.6965,2054
356,60.6965,1930
356,60.6965,2122
356,60.6965,2204
356,60.6965,1766
356,60.6965,1789
356,60.6965,2013
356,60.6965,2066
356,60.6965,1988
356,60.6965,2282
356,60.6965,2065
356,60.6965,2118
356,60.6965,2014
356,60.6965,2056
356,60.6965,1933
356,60.6965,2035
356,61.2043,1760
356,61.2043,1972
356,61.2043,1782
356,61.2043,3144
356,61.2043,1905
356,61.2043,1765
356,61.2043,1938
356,61.2043,1762
356,61.2043,1990
356,61.2043,1764
356,61.2043,3129
356,61.2043,1897
356,61.2043,1760
356,61.2043,1939
356,61.2043,2120
356,61.2043,2093
356,61.2043,1960
356,61.2043,1768
356,61.2043,3442
356,61.2043,1952
356,61.2043,1761
356,61.2043,1860
356,61.2043,2103
356,61.2043,2101
356,61.2043,1786
356,61.2043,1920
356,61.2043,2032
356,61.2043,1761
356,61.2043,3422
356,61.2043,1893
356,61.2043,1767
356,61.2043,1928
356,61.2043,1764
356,66.6667,1808
356,66.6667,1790
356,66.6667,2272
356,66.6667,1971
356,66.6667,1877
356,66.6667,2070
356,66.6667,1917
356,66.6667,1894
356,66.6667,1691
356,66.6667,1778
356,66.6667,1698
356,66.6667,1722
356,66.6667,2028
356,66.6667,1726
356,66.6667,1716
356,66.6667,2035
356,66.6667,1696
356,66.6667,1696
356,66.6667,1760
356,66.6667,1694
356,66.6667,2026
356,66.6667,1691
356,66.6667,1699
356,66.6667,1878
356,66.6667,1925
356,66.6667,1693
356,66.6667,3004
356,66.6667,1819
356,66.6667,1749
356,66.6667,1879
356,66.6667,1693
356,66.6667,1812
356,66.6667,1955
356,65.5412,1691
356,65.5412,1938
356,65.5412,2090
356,65.5412,2229
356,65.5412,1726
356,65.5412,1714
356,65.5412,2025
356,65.5412,1691
356,65.5412,1729
356,65.5412,1693
356,65.5412,1749
356,65.5412,1893
356,65.5412,2092
356,65.5412,1739
356,65.5412,3314
356,65.5412,2116
356,65.5412,1691
356,65.5412,1971
356,65.5412,1743
356,65.5412,1691
356,65.5412,2076
356,65.5412,1695
356,65.5412,1715
356,65.5412,1912
356,65.5412,1690
356,65.5412,1799
356,65.5412,1982
356,65.5412,1901
356,65.5412,1859
356,65.5412,2099
356,65.5412,2135
356,65.5412,1897
356,65.5412,2217
356,65.5412,2084
356,66.4683,1881
356,66.4683,2133
356,66.4683,2066
356,66.4683,1867
356,66.4683,2875
356,66.4683,1802
356,66.4683,1974
356,66.4683,2716
356,66.4683,1850
356,66.4683,1986
356,66.4683,2064
356,66.4683,2886
356,66.4683,1717
356,66.4683,2216
356,66.4683,2066
356,66.4683,2019
356,66.4683,1964
356,66.4683,1851
356,66.4683,1854
356,66.4683,1883
356,66.4683,2158
356,66.4683,2051
356,66.4683,2068
356,66.4683,2104
356,66.4683,1984
356,66.4683,2167
356,66.4683,1857
356,66.4683,2225
356,66.4683,1854
356,66.4683,2704
356,59.7015,1851
356,59.7015,2059
356,59.7015,2070
356,59.7015,1862
356,59.7015,1911
356,59.7015,1864
356,59.7015,1930
356,59.7015,2067
356,59.7015,1901
356,59.7015,1853
356,59.7015,1878
356,59.7015,1854
356,59.7015,2014
356,59.7015,2843
356,59.7015,1771
356,59.7015,2192
356,59.7015,1856
356,59.7015,1896
356,59.7015,1871
356,59.7015,2855
356,59.7015,1847
356,59.7015,1849
356,59.7015,2194
356,59.7015,1853
356,59.7015,1974
356,59.7015,1871
356,59.7015,2011
356,59.7015,1922
356,59.7015,1872
356,59.7015,2083
356,60.4559,1867
356,60.4559,2265
356,60.4559,1868
356,60.4559,1851
356,60.4559,2258
356,60.4559,2350
356,60.4559,1698
356,60.4559,1852
356,60.4559,2017
356,60.4559,1909
356,60.4559,2032
356,60.4559,1856
356,60.4559,1985
356,60.4559,1850
356,60.4559,2077
356,60.4559,1908
356,60.4559,2990
356,60.4559,1850
356,60.4559,1877
356,60.4559,2979
356,60.4559,1878
356,60.4559,1865
356,60.4559,3076
356,60.4559,1848
356,60.4559,1789
356,60.4559,2158
356,60.4559,1884
356,60.4559,1857
356,60.4559,2084
356,60.4559,1859
356,60.4559,1987
356,59.7453,1888
356,59.7453,1853
356,59.7453,1934
356,59.7453,1855
356,59.7453,1919
356,59.7453,1938
356,59.7453,1985
356,59.7453,2046
356,59.7453,1877
356,59.7453,1919
356,59.7453,1996
356,59.7453,1922
356,59.7453,1879
356,59.7453,2848
356,59.7453,1864
356,59.7453,1852
356,59.7453,3236
356,59.7453,1690
356,59.7453,1849
356,59.7453,3223
356,59.7453,1849
356,59.7453,1868
356,59.7453,2121
356,59.7453,1862
356,59.7453,1981
356,59.7453,1855
356,59.7453,2069
356,59.7453,1851
356,59.7453,3648
356,59.7453,1708
356,60.3363,1849
356,60.3363,1863
356,60.3363,2043
356,60.3363,2369
356,60.3363,1949
356,60.3363,2055
356,60.3363,1857
363,60.3363,2507
363,60.3363,2951
363,60.3363,2527
363,60.3363,2084
363,60.3363,2088
363,60.3363,2290
363,60.3363,2677
363,60.3363,2280
363,60.3363,2292
363,60.3363,2872
363,60.3363,2264
363,60.3363,2267
363,60.3363,2409
363,60.3363,2244
363,60.3363,2267
363,60.3363,2355
363,60.3363,2296
363,60.3363,2316
363,60.3363,2338
363,60.3363,2248
366,60.3363,2568
366,60.3363,2732
366,60.3363,2533
366,59.9401,2528
366,59.9401,3059
366,59.9401,2373
366,59.9401,2529
366,59.9401,2632
366,59.9401,2690
366,59.9401,2545
363,59.9401,2383
363,59.9401,2299
363,59.9401,2324
363,59.9401,2412
363,59.9401,2286
363,59.9401,2298
363,59.9401,2627
363,59.9401,2311
363,59.9401,2225
363,59.9401,2517
366,59.9401,2524
366,59.9401,2538
366,59.9401,2601
366,59.9401,2748
366,59.9401,2360
366,59.9401,2530
366,59.9401,2420
366,59.9401,2505
366,59.9401,2783
366,59.9401,2315
366,59.9401,2303
366,59.9401,2959
366,59.9401,2373
366,59.9401,2355
366,59.7453,2619
366,59.7453,2406
366,59.7453,2514
366,59.7453,2577
366,59.7453,2422
366,59.7453,2553
369,59.7453,3145
369,59.7453,2725
369,59.7453,2803
369,59.7453,3337
369,59.7453,2868
369,59.7453,2870
369,59.7453,3810
369,59.7453,4971
369,59.7453,3014
369,59.7453,3278
369,59.7453,3179
369,59.7453,3168
369,59.7453,4285
369,59.7453,3122
367,59.7453,2609
367,59.7453,2750
367,59.7453,2507
367,59.7453,2494
367,59.7453,3214
367,59.7453,2451
370,59.7453,2788
370,59.7453,3051
370,59.7453,2763
370,59.7453,2750
370,60.2767,3039
370,60.2767,2986
370,60.2767,2987
370,60.2767,3051
370,60.2767,2804
370,60.2767,2808
370,60.2767,3205
370,60.2767,2985
370,60.2767,3044
370,60.2767,3193
370,60.2767,3268
370,60.2767,3193
370,60.2767,3496
370,60.2767,2975
370,60.2767,2848
369,60.2767,2823
372,60.2767,2943
372,60.2767,2994
372,60.2767,3539
372,60.2767,3055
372,60.2767,3057
372,60.2767,3363
372,60.2767,3189
372,60.2767,3247
372,60.2767,3770
372,60.2767,5763
372,60.2767,3167
372,60.2767,3444
372,60.2767,4131
372,60.2767,5225
372,59.7015,3353
372,59.7015,3736
372,59.7015,3572
372,59.7015,3540
372,59.7015,3210
368,59.7015,3039
371,59.7015,3197
371,59.7015,3460
371,59.7015,3192
371,59.7015,3583
371,59.7015,3523
371,59.7015,3370
371,59.7015,3413
371,59.7015,3425
371,59.7015,3312
371,59.7015,3351
371,59.7015,3318
371,59.7015,3436
371,59.7015,3353
371,59.7015,3767
371,59.7015,3353
371,59.7015,3442
371,59.7015,3708
371,59.7015,3658
371,59.7015,3521
369,59.7015,4242
372,59.7015,4210
372,59.7015,3714
372,59.7015,3834
371,59.7015,3421
371,59.7015,3858
371,59.8626,4250
371,59.8626,3804
371,59.8626,3925
371,59.8626,4603
371,59.8626,3899
371,59.8626,3997
371,59.8626,4588
371,59.8626,4017
371,59.8626,3621
371,59.8626,4312
371,59.8626,3757
371,59.8626,3830
371,59.8626,4397
371,59.8626,3411
369,59.8626,3112
372,59.8626,3947
372,59.8626,3625
372,59.8626,3496
372,59.8626,4221
372,59.8626,3615
372,59.8626,3633
372,59.8626,4283
372,59.8626,3684
372,59.8626,4001
372,59.8626,4275
372,59.8626,4147
372,59.8626,4141
372,59.8626,4892
372,59.8626,4003
372,59.8626,4210
371,59.9401,4490
371,59.9401,3885
371,59.9401,4035
371,59.9401,4188
369,59.9401,3670
372,59.9401,4349
372,59.9401,4991
372,59.9401,4057
372,59.9401,3892
372,59.9401,4050
372,59.9401,3884
372,59.9401,3762
372,59.9401,4481
372,59.9401,3829
372,59.9401,3842
372,59.9401,3800
372,59.9401,3694
372,59.9401,3498
372,59.9401,4179
372,59.9401,3836
372,59.9401,3779
372,59.9401,4208
372,59.9401,4425
372,59.9401,3762
370,59.9401,3872
374,59.9401,5341
374,59.9401,3955
374,59.9401,4508
374,59.9401,4552
373,59.9401,4061
373,60.5159,4125
373,60.5159,4950
373,60.5159,4026
373,60.5159,4059
373,60.5159,4648
373,60.5159,3903
373,60.5159,3998
373,60.5159,4601
373,60.5159,3711
373,60.5159,3850
373,60.5159,4537
373,60.5159,3684
373,60.5159,3753
373,60.5159,4149
370,60.5159,3273
373,60.5159,3762
373,60.5159,4472
373,60.5159,3918
373,60.5159,3890
373,60.5159,4635
373,60.5159,3543
373,60.5159,3670
373,60.5159,4675
373,60.5159,3580
373,60.5159,3643
373,60.5159,4424
373,60.5159,3545
373,60.5159,3617
373,60.5159,4340
373,60.5159,3490
373,60.5159,3660
373,59.6285,4550
373,59.6285,3463
373,59.6285,3480
370,59.6285,3498
373,59.6285,3948
373,59.6285,3749
373,59.6285,3774
373,59.6285,3638
373,59.6285,3647
373,59.6285,4126
373,59.6285,3310
373,59.6285,3512
373,59.6285,4478
373,59.6285,3290
373,59.6285,3341
373,59.6285,3462
373,59.6285,3353
373,59.6285,3019
373,59.6285,3493
373,59.6285,3174
373,59.6285,3166
373,59.6285,3926
373,59.6285,2970
370,59.6285,3027
373,59.6285,4107
373,59.6285,2934
373,59.6285,3228
373,59.6285,3443
373,59.6285,2941
373,59.6285,2997
373,60.2767,3310
373,60.2767,3010
373,60.2767,2994
373,60.2767,3271
373,60.2767,2919
373,60.2767,2987
373,60.2767,3954
373,60.2767,2678
373,60.2767,2809
373,60.2767,3441
373,60.2767,2805
373,60.2767,2804
373,60.2767,3213
370,60.2767,2675
373,60.2767,3381
373,60.2767,4507
373,60.2767,3359
373,60.2767,3274
373,60.2767,4159
373,60.2767,2862
373,60.2767,3298
373,60.2767,4402
373,60.2767,3187
373,60.2767,3226
373,60.2767,3989
373,60.2767,2790
373,60.2767,3192
373,60.2767,4014
373,60.2767,2900
373,60.2767,3362
373,60.2767,4205
373,59.7453,3262
373,59.7453,3244
371,59.7453,3394
374,59.7453,5618
374,59.7453,4586
374,59.7453,4617
374,59.7453,3190
374,59.7453,3234
374,59.7453,3230
374,59.7453,3681
374,59.7453,3702
374,59.7453,3481
374,59.7453,4138
374,59.7453,3294
374,59.7453,3443
374,59.7453,3725
374,59.7453,3967
374,59.7453,3779
374,59.7453,4309
374,59.7453,3474
374,59.7453,3664
374,59.7453,4305
371,59.7453,3205
374,59.7453,4170
374,59.7453,5446
375,59.7453,5114
375,59.7453,4634
375,59.7453,4566
375,59.7453,3513
375,59.7453,3913
375,59.1716,3473
375,59.1716,3467
375,59.1716,3653
375,59.1716,3728
375,59.1716,3441
375,59.1716,4473
375,59.1716,3440
375,59.1716,3950
375,59.1716,4602
375,59.1716,3647
375,59.1716,3955
375,59.1716,4865
372,59.1716,3677
375,59.1716,4245
375,59.1716,5329
375,59.1716,3727
375,59.1716,3584
375,59.1716,5265
376,59.1716,4876
376,59.1716,4450
376,59.1716,4711
376,59.1716,3751
376,59.1716,3413
376,59.1716,3498
376,59.1716,3623
376,59.1716,4127
376,59.1716,3910
376,59.1716,3712
376,59.1716,4370
376,59.1716,3863
376,59.1716,3989
376,60.844,5291
373,60.844,3387
376,60.844,6463
376,60.844,4674
376,60.844,4243
376,60.844,3666
376,60.844,3416
376,60.844,3663
376,60.844,3885
376,60.844,4670
377,60.844,4956
377,60.844,4012
377,60.844,3675
377,60.844,3283
377,60.844,3462
377,60.844,3676
377,60.844,4810
377,60.844,3213
377,60.844,3397
377,60.844,4464
377,60.844,3136
374,60.844,2997
377,60.844,3643
377,60.844,3438
377,60.844,3511
377,60.844,4716
377,60.844,3208
377,60.844,3287
377,60.844,4301
377,60.844,3028
377,60.2172,3452
377,60.2172,4160
377,60.2172,3283
378,60.2172,3663
378,60.2172,3827
378,60.2172,3606
378,60.2172,3468
378,60.2172,3283
378,60.2172,3346
378,60.2172,3386
377,60.2172,4137
374,60.2172,2865
377,60.2172,3797
377,60.2172,3840
377,60.2172,3511
377,60.2172,3508
377,60.2172,4084
377,60.2172,3183
377,60.2172,3294
377,60.2172,4128
377,60.2172,2806
377,60.2172,3116
377,60.2172,3587
377,60.2172,3154
377,60.2172,3224
377,60.2172,3422
378,60.2172,3527
378,60.2172,3667
378,60.2172,3027
378,60.2172,3112
378,59.8205,2881
375,59.8205,2991
378,59.8205,4324
377,59.8205,3486
377,59.8205,3226
377,59.8205,3132
377,59.8205,3727
377,59.8205,2756
377,59.8205,2609
377,59.8205,2550
377,59.8205,2634
377,59.8205,2636
377,59.8205,3513
377,59.8205,2613
377,59.8205,2988
377,59.8205,4925
377,59.8205,2590
377,59.8205,2740
377,59.8205,3923
378,59.8205,3493
378,59.8205,3119
375,59.8205,2824
378,59.8205,3196
378,59.8205,2915
378,59.8205,3368
378,59.8205,2689
377,59.8205,2596
377,59.8205,2929
377,59.8205,2692
377,59.8205,3324
377,59.8205,2465
377,59.9803,2508
377,59.9803,3705
377,59.9803,2444
377,59.9803,2627
377,59.9803,3876
377,59.9803,2649
377,59.9803,2607
377,59.9803,2775
377,59.9803,2669
377,59.9803,2756
374,59.9803,2705
378,59.9803,4298
378,59.9803,3751
378,59.9803,2888
378,59.9803,2558
378,59.9803,2334
378,59.9803,2540
378,59.9803,2747
377,59.9803,2246
377,59.9803,2355
377,59.9803,3639
377,59.9803,2318
377,59.9803,2376
377,59.9803,3465
377,59.9803,2376
377,59.9803,2441
377,59.9803,2421
377,59.9803,2343
377,59.9803,2406
377,59.9803,2965
374,59.9401,2418
377,59.9401,3107
377,59.9401,3817
377,59.9401,3116
378,59.9401,2661
378,59.9401,2978
378,59.9401,3251
378,59.9401,2466
378,59.9401,2517
378,59.9401,3751
378,59.9401,2574
377,59.9401,2615
377,59.9401,4117
377,59.9401,2399
377,59.9401,2562
