1,0,1697
1,0,1035
1,0,1873
1,0,1093
1,0,1266
1,0,1122
1,0,1448
1,0,1457
1,0,1227
1,0,1376
1,0,1545
1,0,1884
1,0,1448
1,0,1695
1,0,1471
1,0,1449
1,0,1255
1,0,1325
1,0,1339
1,0,1259
1,0,1410
1,0,1392
1,0,1329
1,44.6872,1363
1,44.6872,1309
1,44.6872,1396
1,44.6872,1319
1,44.6872,1303
1,44.6872,1467
1,44.6872,1309
1,44.6872,1374
1,44.6872,1493
1,44.6872,2079
1,44.6872,1749
1,44.6872,1305
1,44.6872,1458
1,44.6872,1335
1,44.6872,1321
1,44.6872,1539
1,44.6872,1793
1,44.6872,1298
1,44.6872,1340
1,44.6872,1368
1,44.6872,1332
1,44.6872,1509
1,44.6872,1266
1,44.6872,1352
1,44.6872,1249
1,44.6872,1239
1,44.6872,1405
1,44.6872,1294
1,44.6872,1402
1,44.6872,2512
1,44.6872,1903
1,44.6872,1308
1,44.6872,1237
1,65.0246,1402
1,65.0246,1352
1,65.0246,1362
1,65.0246,1307
1,65.0246,1284
1,65.0246,1221
1,65.0246,1209
1,65.0246,1379
1,65.0246,1287
1,65.0246,1279
1,65.0246,1373
1,65.0246,1653
1,65.0246,1464
1,65.0246,1609
1,65.0246,1207
1,65.0246,1324
1,65.0246,1296
1,65.0246,1244
1,65.0246,1388
1,65.0246,1232
1,65.0246,1355
1,65.0246,1997
1,65.0246,1941
1,65.0246,1298
1,65.0246,1662
1,65.0246,1740
1,65.0246,1494
1,65.0246,1591
1,65.0246,1439
1,65.0246,1279
1,65.0246,1402
1,65.0246,1718
1,65.0246,1261
1,65.0246,1288
1,67.6617,1491
1,67.6617,1869
1,67.6617,1355
1,67.6617,1340
1,67.6617,1550
1,67.6617,1536
1,67.6617,1622
1,67.6617,1196
1,67.6617,1332
1,67.6617,2501
1,67.6617,1752
1,67.6617,1302
1,67.6617,1616
1,67.6617,1265
1,67.6617,1417
1,67.6617,1356
1,67.6617,1298
1,67.6617,1286
1,67.6617,1536
1,67.6617,1418
1,67.6617,1357
1,67.6617,1234
1,67.6617,1470
1,67.6617,1448
1,67.6617,1465
1,67.6617,1184
1,67.6617,1328
1,67.6617,1531
1,67.6617,1644
1,67.6617,1328
1,67.6617,1343
1,67.6617,2117
1,67.6617,1198
1,65.6064,1215
1,65.6064,1778
1,65.6064,1579
1,65.6064,1298
1,65.6064,1809
1,65.6064,1222
1,65.6064,1357
1,65.6064,2042
1,65.6064,2066
1,65.6064,2427
1,65.6064,1499
1,65.6064,2077
1,65.6064,1330
1,65.6064,1311
1,65.6064,1735
1,65.6064,1296
1,65.6064,1205
1,65.6064,2215
1,65.6064,1497
1,65.6064,1297
1,65.6064,1723
1,65.6064,1405
1,65.6064,1231
1,65.6064,1987
1,65.6064,1318
1,65.6064,1297
1,65.6064,1919
1,65.6064,1474
1,65.6064,1187
1,65.6064,1300
1,65.6064,1562
1,65.6064,1318
1,65.6064,1741
1,65.6064,1841
1,67.0611,1796
1,67.0611,1766
1,67.0611,1649
1,67.0611,1296
1,67.0611,1645
1,67.0611,1359
1,67.0611,1577
1,67.0611,1300
1,67.0611,1327
1,67.0611,1497
1,67.0611,1322
1,67.0611,1383
1,67.0611,1521
1,67.0611,1293
1,67.0611,1372
1,67.0611,1829
1,67.0611,1300
1,67.0611,1362
1,67.0611,1563
1,67.0611,1226
1,67.0611,1598
1,67.0611,1351
1,67.0611,1595
1,67.0611,1853
1,67.0611,1481
1,67.0611,1427
1,67.0611,1876
1,67.0611,1902
1,67.0611,1222
1,67.0611,1787
1,67.0611,1814
1,67.0611,1253
1,63.6183,1705
1,63.6183,1471
1,63.6183,1379
1,63.6183,1780
1,63.6183,1973
1,63.6183,1918
1,63.6183,2001
1,63.6183,1810
1,63.6183,1313
1,63.6183,1858
1,63.6183,1292
23,63.6183,3103
23,63.6183,3332
23,63.6183,2843
23,63.6183,3026
23,63.6183,3025
23,63.6183,3138
23,63.6183,3523
23,63.6183,3175
23,63.6183,3321
23,63.6183,4175
23,63.6183,4125
23,63.6183,3658
23,63.6183,3620
23,63.6183,4198
23,63.6183,3242
23,63.6183,2985
23,63.6183,3058
23,63.6183,3612
23,63.6183,3511
23,63.6183,2774
23,63.6183,3071
23,63.5551,2861
23,63.5551,3855
23,63.5551,3564
23,63.5551,3272
23,63.5551,3483
23,63.5551,3911
23,63.5551,4423
23,63.5551,3102
23,63.5551,3156
23,63.5551,3145
23,63.5551,3452
23,63.5551,2894
23,63.5551,3225
23,63.5551,3378
23,63.5551,2959
23,63.5551,3046
23,63.5551,3198
23,63.5551,2944
23,63.5551,3056
23,63.5551,2999
23,63.5551,4752
23,63.5551,3156
23,63.5551,2973
23,63.5551,3739
23,63.5551,3426
23,63.5551,3182
23,63.5551,3204
23,63.5551,3289
23,63.5551,3176
23,63.5551,3135
23,63.5551,3075
23,62.1302,3392
23,62.1302,3312
23,62.1302,3399
23,62.1302,3536
23,62.1302,3729
23,62.1302,3280
23,62.1302,3446
23,62.1302,3719
23,62.1302,3162
23,62.1302,3102
23,62.1302,3425
23,62.1302,4824
23,62.1302,2921
23,62.1302,3184
23,62.1302,3066
23,62.1302,3269
23,62.1302,3675
23,62.1302,2930
23,62.1302,3031
23,62.1302,4629
23,62.1302,3395
23,62.1302,4428
23,62.1302,3506
23,62.1302,4623
23,62.1302,3936
23,62.1302,4077
23,62.1302,3042
23,62.1302,2979
23,62.1302,3151
23,62.1302,3351
23,62.1302,3156
23,62.1302,3111
23,61.8253,3297
23,61.8253,3079
23,61.8253,3622
23,61.8253,4582
23,61.8253,4420
23,61.8253,3626
23,61.8253,4193
23,61.8253,3602
23,61.8253,3134
23,61.8253,3494
23,61.8253,3096
23,61.8253,4159
23,61.8253,3173
23,61.8253,3078
23,61.8253,4799
23,61.8253,4585
23,61.8253,3883
23,61.8253,3849
23,61.8253,4240
23,61.8253,3287
23,61.8253,2780
23,61.8253,3046
23,61.8253,3515
23,61.8253,4546
23,61.8253,2955
23,61.8253,3063
23,61.8253,4543
23,61.8253,3970
23,61.8253,2991
23,61.8253,2855
23,61.8253,2913
23,62.1302,3056
23,62.1302,3418
23,62.1302,3424
23,62.1302,3801
23,62.1302,3061
23,62.1302,3350
23,62.1302,3098
23,62.1302,3248
23,62.1302,3193
23,62.1302,3099
23,62.1302,3137
23,62.1302,3577
23,62.1302,3037
23,62.1302,3230
23,62.1302,3146
23,62.1302,3682
23,62.1302,3002
23,62.1302,3621
23,62.1302,3220
23,62.1302,3263
23,62.1302,4462
23,62.1302,3487
23,62.1302,3390
23,62.1302,4535
23,62.1302,3551
23,62.1302,2918
23,62.1302,2962
23,62.1302,3652
23,62.1302,2963
23,62.1302,3101
23,62.1302,3805
23,62.1302,3886
23,61.7042,4034
23,61.7042,4575
23,61.7042,3122
23,61.7042,3408
23,61.7042,3884
23,61.7042,4581
23,61.7042,3346
23,61.7042,4292
23,61.7042,4631
23,61.7042,4135
23,61.7042,2898
23,61.7042,3375
23,61.7042,4210
23,61.7042,4723
23,61.7042,4600
23,61.7042,4497
23,61.7042,4680
23,61.7042,4746
23,61.7042,3252
23,61.7042,4264
23,61.7042,5252
23,61.7042,4163
23,61.7042,4594
23,61.7042,5097
23,61.7042,4234
23,61.7042,4168
23,61.7042,4263
23,61.7042,4720
23,61.7042,4585
23,55.9846,4867
23,55.9846,2887
23,55.9846,4611
23,55.9846,4063
23,55.9846,4030
23,55.9846,4273
23,55.9846,4632
23,55.9846,4806
23,55.9846,4344
23,55.9846,4363
23,55.9846,3158
23,55.9846,2819
23,55.9846,3500
23,55.9846,4075
23,55.9846,3765
23,55.9846,4359
23,55.9846,4145
23,55.9846,3082
23,55.9846,2951
23,55.9846,4893
23,55.9846,3169
23,55.9846,3588
23,55.9846,3030
23,55.9846,3130
23,55.9846,3186
23,55.9846,2938
23,55.9846,2918
23,55.9846,4135
23,55.9846,4051
23,55.9846,3281
23,55.9846,3249
23,62.3145,2925
23,62.3145,3098
23,62.3145,3194
23,62.3145,3975
23,62.3145,2828
23,62.3145,2917
23,62.3145,3623
23,62.3145,3982
23,62.3145,3230
23,62.3145,3978
23,62.3145,3006
23,62.3145,4752
23,62.3145,3812
23,62.3145,3510
23,62.3145,3512
23,62.3145,2860
23,62.3145,2801
23,62.3145,3471
23,62.3145,3016
23,62.3145,3473
23,62.3145,3598
23,62.3145,3095
23,62.3145,2818
23,62.3145,2864
23,62.3145,2770
23,62.3145,3729
23,62.3145,3881
23,62.3145,4634
23,62.3145,4049
23,62.3145,3482
23,62.3145,3063
23,62.3145,4610
23,62.3145,3899
23,62.3145,3316
23,66.2055,3058
23,66.2055,2919
23,66.2055,3633
23,66.2055,3291
23,66.2055,2771
23,66.2055,3218
23,66.2055,4022
23,66.2055,4456
23,66.2055,2815
23,66.2055,2838
23,66.2055,4063
23,66.2055,3663
23,66.2055,3847
23,66.2055,3518
23,66.2055,3848
23,66.2055,3963
23,66.2055,3176
23,66.2055,3675
23,66.2055,3850
23,66.2055,3394
23,66.2055,3957
23,66.2055,3416
23,66.2055,3106
23,66.2055,3176
23,66.2055,3597
23,66.2055,3528
23,66.2055,3458
23,66.2055,3534
23,66.2055,4279
23,66.2055,3569
23,66.2055,3054
23,66.2055,2906
23,63.6183,3646
23,63.6183,3942
23,63.6183,3027
23,63.6183,3042
23,63.6183,3285
23,63.6183,3715
23,63.6183,3431
23,63.6183,3343
23,63.6183,3721
23,63.6183,3350
23,63.6183,2800
23,63.6183,3181
23,63.6183,3336
23,63.6183,3335
23,63.6183,3211
23,63.6183,3591
23,63.6183,4621
23,63.6183,4016
23,63.6183,3479
23,63.6183,3126
23,63.6183,3753
23,63.6183,3752
23,63.6183,4740
23,63.6183,3844
23,63.6183,3550
23,63.6183,3190
23,63.6183,4887
23,63.6183,3248
23,63.6183,3754
23,63.6183,2908
23,63.6183,3670
23,63.6183,4180
23,63.6183,4784
23,65.0246,3652
23,65.0246,3101
23,65.0246,3355
23,65.0246,3354
23,65.0246,3241
23,65.0246,3539
23,65.0246,3915
23,65.0246,3232
23,65.0246,3249
23,65.0246,3837
23,65.0246,3325
23,65.0246,3418
23,65.0246,3637
23,65.0246,3200
23,65.0246,3490
23,65.0246,3443
23,65.0246,3066
23,65.0246,3257
23,65.0246,3566
23,65.0246,3197
23,65.0246,3316
23,65.0246,3665
23,65.0246,3220
23,65.0246,3359
23,65.0246,3855
23,65.0246,3165
23,65.0246,3499
23,65.0246,3667
23,65.0246,3619
23,65.0246,3608
23,65.0246,3705
23,60.7843,3769
23,60.7843,3395
23,60.7843,3929
23,60.7843,2902
23,60.7843,3165
23,60.7843,3187
23,60.7843,4623
23,60.7843,3180
23,60.7843,3915
23,60.7843,4202
23,60.7843,4573
23,60.7843,3752
23,60.7843,3616
23,60.7843,4273
23,60.7843,4109
23,60.7843,3517
23,60.7843,4298
23,60.7843,3635
23,60.7843,3379
23,60.7843,3463
23,60.7843,3433
23,60.7843,3254
23,60.7843,4357
23,60.7843,4612
23,60.7843,3999
23,60.7843,4399
23,60.7843,4108
23,60.7843,3474
23,60.7843,4157
23,60.7843,3694
23,59.9401,3951
23,59.9401,3513
23,59.9401,4727
23,59.9401,3419
23,59.9401,3061
23,59.9401,3241
23,59.9401,4569
23,59.9401,3588
23,59.9401,4597
23,59.9401,3673
23,59.9401,4408
23,59.9401,4951
23,59.9401,4771
23,59.9401,5102
23,59.9401,3870
23,59.9401,2989
23,59.9401,3708
23,59.9401,3608
23,59.9401,3561
23,59.9401,3402
23,59.9401,3463
23,59.9401,4250
23,59.9401,3645
23,59.9401,3791
23,59.9401,3322
23,59.9401,3657
23,52.2682,3400
23,52.2682,3057
23,52.2682,3293
23,52.2682,3618
23,52.2682,4352
23,52.2682,3286
23,52.2682,4294
45,52.2682,6318
45,52.2682,4869
45,52.2682,6739
45,52.2682,5894
45,52.2682,4299
45,52.2682,5362
45,52.2682,6262
45,52.2682,5766
45,52.2682,4985
45,52.2682,5664
45,52.2682,5550
45,35.7853,5670
45,35.7853,6668
45,35.7853,4932
45,35.7853,5426
45,35.7853,3893
45,35.7853,5031
45,35.7853,5324
45,35.7853,5842
45,35.7853,3762
45,35.7853,3772
45,35.7853,5973
45,35.7853,5698
45,35.7853,5741
45,35.7853,5854
45,35.7853,4680
45,35.7853,5666
45,35.7853,5901
45,35.7853,5769
45,35.7853,6012
45,37.001,5503
45,37.001,4174
45,37.001,5758
45,37.001,5622
45,37.001,4553
45,37.001,5218
45,37.001,4904
45,37.001,4809
45,37.001,4547
45,37.001,4169
45,37.001,6151
45,37.001,3954
45,37.001,4875
45,37.001,4613
45,37.001,4307
45,37.001,4218
45,37.001,3970
45,37.001,4105
45,37.001,5626
45,37.001,6026
45,37.001,5632
45,37.001,5371
45,37.001,5351
45,37.001,5476
45,37.001,4167
45,37.001,6296
45,37.001,5518
45,37.001,5471
45,37.001,6475
45,56.5476,5344
45,56.5476,5720
45,56.5476,5398
45,56.5476,3845
45,56.5476,4461
45,56.5476,4911
45,56.5476,4557
45,56.5476,5977
45,56.5476,4208
45,56.5476,4897
45,56.5476,6092
45,56.5476,5002
45,56.5476,5916
45,56.5476,5455
45,56.5476,5248
45,56.5476,5838
45,56.5476,6267
45,56.5476,4139
45,56.5476,5309
45,56.5476,4700
45,56.5476,4920
45,56.5476,4791
45,56.5476,4910
45,56.5476,6286
45,56.5476,5328
45,56.5476,4503
45,51.0806,6028
45,51.0806,5659
45,51.0806,5919
45,51.0806,5519
45,51.0806,5564
45,51.0806,6033
45,51.0806,6487
45,51.0806,5434
45,51.0806,5802
45,51.0806,5919
45,51.0806,4528
45,51.0806,4647
45,51.0806,4223
45,51.0806,6262
45,51.0806,5984
45,51.0806,4585
45,51.0806,4512
45,51.0806,5018
45,51.0806,4376
45,51.0806,4659
45,51.0806,4623
45,51.0806,4921
45,51.0806,5630
45,51.0806,5999
45,51.0806,4350
45,51.0806,5310
45,51.0806,5185
45,53.3597,6449
45,53.3597,5322
45,53.3597,4641
45,53.3597,6018
45,53.3597,5576
45,53.3597,4868
45,53.3597,6134
45,53.3597,5282
45,53.3597,5410
45,53.3597,4213
45,53.3597,5962
45,53.3597,5104
45,53.3597,5356
45,53.3597,5465
45,53.3597,5404
45,53.3597,4843
45,53.3597,4224
45,53.3597,4054
45,53.3597,4689
45,53.3597,4847
45,53.3597,6072
45,53.3597,5645
45,53.3597,4328
45,53.3597,4342
45,53.3597,6478
45,53.3597,4240
45,53.3597,4270
45,53.3597,4549
45,53.3597,5492
45,53.3597,5933
45,59.9401,5349
45,59.9401,5508
45,59.9401,4652
45,59.9401,5119
45,59.9401,6122
45,59.9401,4537
45,59.9401,4339
45,59.9401,5268
45,59.9401,4486
45,59.9401,5091
45,59.9401,4904
45,59.9401,4949
45,59.9401,4839
45,59.9401,5185
45,59.9401,6173
45,59.9401,5079
45,59.9401,4545
45,59.9401,4855
45,59.9401,5685
45,59.9401,5102
45,59.9401,5212
45,59.9401,5327
45,59.9401,5700
45,59.9401,4529
45,59.9401,4622
45,59.9401,4742
45,59.9401,4554
45,59.9401,4882
45,59.9401,4836
45,59.9401,4401
45,60.396,5576
45,60.396,5030
45,60.396,4582
45,60.396,4491
45,60.396,4672
45,60.396,4064
45,60.396,3928
45,60.396,4187
45,60.396,4231
45,60.396,4242
45,60.396,4638
45,60.396,4012
45,60.396,4199
45,60.396,4176
45,60.396,4350
45,60.396,4268
45,60.396,4129
45,60.396,3942
45,60.396,4241
45,60.396,4108
45,60.396,4651
45,60.396,6580
45,60.396,4684
45,60.396,4844
45,60.396,5397
45,60.396,5323
45,60.396,4532
45,60.396,4885
45,60.396,5002
45,60.396,4748
45,60.396,4894
45,59.7453,5016
45,59.7453,4661
45,59.7453,6583
45,59.7453,5961
45,59.7453,6417
45,59.7453,5513
45,59.7453,4726
45,59.7453,4704
45,59.7453,5871
45,59.7453,4358
45,59.7453,5780
45,59.7453,5641
45,59.7453,4748
45,59.7453,5006
45,59.7453,5311
45,59.7453,4883
45,59.7453,4929
45,59.7453,4491
45,59.7453,4330
45,59.7453,5174
45,59.7453,4488
45,59.7453,4321
45,59.7453,4235
45,59.7453,4541
45,59.7453,4218
45,59.7453,4395
45,59.7453,4413
45,59.7453,4672
45,59.7453,4391
45,59.7453,4614
45,60.3363,4599
45,60.3363,4477
45,60.3363,4572
45,60.3363,5152
45,60.3363,4430
45,60.3363,4696
45,60.3363,4303
45,60.3363,4594
45,60.3363,4741
45,60.3363,4409
45,60.3363,4578
45,60.3363,5158
45,60.3363,5469
45,60.3363,5573
45,60.3363,5525
45,60.3363,4883
45,60.3363,5148
45,60.3363,5444
45,60.3363,4151
45,60.3363,6172
45,60.3363,6010
45,60.3363,5927
45,60.3363,5873
45,60.3363,4952
45,60.3363,5157
45,60.3363,4714
45,60.3363,4860
45,60.3363,4242
45,60.3363,4455
45,60.3363,4429
45,57.7865,4555
45,57.7865,5119
45,57.7865,4976
45,57.7865,4244
45,57.7865,6451
45,57.7865,4386
45,57.7865,4339
45,57.7865,4262
45,57.7865,4505
45,57.7865,4171
45,57.7865,4540
45,57.7865,5088
45,57.7865,4437
45,57.7865,5118
45,57.7865,4767
45,57.7865,4374
45,57.7865,4479
45,57.7865,4951
45,57.7865,4444
45,57.7865,4414
45,57.7865,4250
45,57.7865,4255
45,57.7865,4445
45,57.7865,5138
45,57.7865,4884
45,57.7865,4749
45,57.7865,4934
45,57.7865,4204
45,57.7865,4306
45,57.7865,4403
45,59.9401,4319
45,59.9401,4594
45,59.9401,5272
45,59.9401,4386
45,59.9401,4379
45,59.9401,4552
45,59.9401,4349
45,59.9401,4494
45,59.9401,4301
45,59.9401,4276
45,59.9401,4429
45,59.9401,4965
45,59.9401,4362
45,59.9401,4977
45,59.9401,4663
45,59.9401,4163
45,59.9401,4494
45,59.9401,4677
45,59.9401,4544
45,59.9401,4519
45,59.9401,5136
45,59.9401,4464
45,59.9401,4454
45,59.9401,5408
45,59.9401,5860
45,59.9401,6019
45,59.9401,5713
45,59.9401,5120
45,59.9401,5061
45,59.9401,4885
45,60.2767,4563
45,60.2767,5586
45,60.2767,4757
45,60.2767,4378
45,60.2767,4524
45,60.2767,5208
45,60.2767,4581
45,60.2767,4911
45,60.2767,5034
45,60.2767,4364
45,60.2767,4497
45,60.2767,4361
45,60.2767,4364
45,60.2767,5005
45,60.2767,5267
45,60.2767,4376
45,60.2767,4644
45,60.2767,5132
45,60.2767,4605
45,60.2767,4691
45,60.2767,4994
45,60.2767,4608
45,60.2767,4641
45,60.2767,4758
45,60.2767,4555
45,60.2767,4462
45,60.2767,4894
45,60.2767,4373
45,60.2767,4840
45,60.2767,4582
45,60.2767,4441
45,59.8039,4638
45,59.8039,5457
45,59.8039,4565
45,59.8039,4363
45,59.8039,4875
45,59.8039,4426
45,59.8039,4526
45,59.8039,5291
45,59.8039,4584
45,59.8039,4405
45,59.8039,4730
45,59.8039,4843
45,59.8039,5164
45,59.8039,4732
45,59.8039,4518
45,59.8039,4333
45,59.8039,5364
45,59.8039,4441
45,59.8039,4848
45,59.8039,5224
45,59.8039,4494
45,59.8039,4217
45,59.8039,4584
45,59.8039,4377
45,59.8039,4272
45,59.8039,4536
45,59.8039,4035
45,59.8039,4304
45,59.8039,4404
45,59.8039,4523
45,59.9401,4599
45,59.9401,4425
45,59.9401,3987
45,59.9401,4294
45,59.9401,4653
45,59.9401,3998
45,59.9401,4702
45,59.9401,4302
45,59.9401,3867
45,59.9401,4332
45,59.9401,4911
45,59.9401,4677
45,59.9401,5083
45,59.9401,4867
45,59.9401,4950
45,59.9401,4791
67,59.9401,5292
67,59.9401,6353
67,59.9401,5283
67,59.9401,7042
67,59.9401,7241
67,59.9401,7379
67,59.9401,7202
67,59.9401,7592
67,59.9401,6660
67,59.9401,6260
67,59.9401,6047
67,54.7809,6030
67,54.7809,5906
67,54.7809,5508
67,54.7809,4928
67,54.7809,5147
67,54.7809,5481
67,54.7809,7464
67,54.7809,5970
67,54.7809,5187
67,54.7809,5684
67,54.7809,5838
67,54.7809,5684
67,54.7809,5797
67,54.7809,6038
67,54.7809,5360
67,54.7809,5463
67,54.7809,5614
67,54.7809,5508
67,54.7809,5679
67,54.7809,5878
67,54.7809,5708
67,54.7809,5801
67,54.7809,5771
67,54.7809,5394
67,54.7809,5799
67,54.7809,5816
67,54.7809,5304
67,54.7809,6099
67,54.7809,6037
67,54.7809,5301
67,59.5238,5951
67,59.5238,6304
67,59.5238,5496
67,59.5238,5761
67,59.5238,5731
67,59.5238,5803
67,59.5238,5784
67,59.5238,6079
67,59.5238,5220
67,59.5238,5498
67,59.5238,5904
67,59.5238,5739
67,59.5238,5876
67,59.5238,6165
67,59.5238,5457
67,59.5238,5356
67,59.5238,5727
67,59.5238,5375
67,59.5238,5679
67,59.5238,6273
67,59.5238,5620
67,59.5238,5855
67,59.5238,5635
67,59.5238,5429
67,59.5238,5522
67,59.5238,5964
67,59.5238,5443
67,59.5238,5511
67,59.5238,5576
67,59.5238,5420
67,59.5238,5840
67,59.6285,6254
67,59.6285,5268
67,59.6285,5298
67,59.6285,5548
67,59.6285,5076
67,59.6285,5487
67,59.6285,5762
67,59.6285,5114
67,59.6285,5424
67,59.6285,5507
67,59.6285,5274
67,59.6285,5736
67,59.6285,5801
67,59.6285,5090
67,59.6285,5505
67,59.6285,5323
67,59.6285,5009
67,59.6285,5395
67,59.6285,8005
67,59.6285,5358
67,59.6285,6432
67,59.6285,5577
67,59.6285,5558
67,59.6285,5234
67,59.6285,5516
67,59.6285,5136
67,59.6285,5431
67,59.6285,5157
67,59.6285,5082
67,59.6285,5430
67,60.396,5807
67,60.396,5311
67,60.396,5996
67,60.396,5335
67,60.396,5042
67,60.396,5596
67,60.396,5694
67,60.396,5100
67,60.396,5411
67,60.396,5303
67,60.396,5178
67,60.396,5381
67,60.396,6007
67,60.396,5050
67,60.396,5083
67,60.396,5469
67,60.396,4967
67,60.396,5645
67,60.396,5356
67,60.396,5136
67,60.396,5552
67,60.396,5671
67,60.396,5273
67,60.396,5776
67,60.396,5705
67,60.396,5079
67,60.396,5482
67,60.396,5290
67,60.396,4956
67,60.396,5405
67,59.9401,5289
67,59.9401,5077
67,59.9401,5801
67,59.9401,5634
67,59.9401,5270
67,59.9401,4751
67,59.9401,5035
67,59.9401,4941
67,59.9401,5467
67,59.9401,5389
67,59.9401,5066
67,59.9401,6094
67,59.9401,6394
67,59.9401,5275
67,59.9401,5736
67,59.9401,5507
67,59.9401,5282
67,59.9401,5444
67,59.9401,5357
67,59.9401,4981
67,59.9401,5488
67,59.9401,5440
67,59.9401,5092
67,59.9401,5647
67,59.9401,5588
67,59.9401,5146
67,59.9401,4929
67,59.9401,5837
67,59.9401,5067
67,59.9401,6553
67,59.761,5386
67,59.761,4950
67,59.761,10305
67,59.761,5623
67,59.761,5230
67,59.761,6182
67,59.761,5448
67,59.761,5123
67,59.761,5478
67,59.761,5191
67,59.761,5143
67,59.761,5350
67,59.761,5784
67,59.761,5210
67,59.761,5821
67,59.761,6233
67,59.761,6229
67,59.761,7872
67,59.761,6703
67,59.761,5780
67,59.761,6802
67,59.761,5215
67,59.761,4924
67,59.761,6478
67,59.761,5280
67,59.761,5306
67,59.761,6130
67,59.761,5497
67,59.761,5153
67,59.761,5159
67,59.761,5890
67,59.8626,5214
67,59.8626,5155
67,59.8626,5446
67,59.8626,5013
67,59.8626,5682
67,59.8626,5834
67,59.8626,5423
67,59.8626,5621
67,59.8626,5589
67,59.8626,5205
67,59.8626,6434
67,59.8626,5260
67,59.8626,5431
67,59.8626,5513
67,59.8626,5382
67,59.8626,5376
67,59.8626,5446
67,59.8626,5387
67,59.8626,5271
67,59.8626,5709
67,59.8626,5900
67,59.8626,4938
67,59.8626,5861
67,59.8626,5549
67,59.8626,5174
67,59.8626,5049
67,59.8626,5431
67,59.8626,5442
67,59.8626,6833
67,59.8626,5274
67,60.3363,5150
67,60.3363,5076
67,60.3363,5271
67,60.3363,5086
67,60.3363,5511
67,60.3363,5779
67,60.3363,5197
67,60.3363,5559
67,60.3363,5214
67,60.3363,5095
67,60.3363,5605
67,60.3363,5800
67,60.3363,5115
67,60.3363,5639
67,60.3363,5642
67,60.3363,5164
67,60.3363,6250
67,60.3363,5681
67,60.3363,5222
67,60.3363,5219
67,60.3363,5276
67,60.3363,5478
67,60.3363,5545
67,60.3363,5324
67,60.3363,4991
67,60.3363,5723
67,60.3363,5221
67,60.3363,5332
67,60.3363,4791
67,60.3363,5684
67,60.3363,5092
67,59.6869,5628
67,59.6869,5830
67,59.6869,5083
67,59.6869,5562
67,59.6869,6230
67,59.6869,5528
67,59.6869,5913
67,59.6869,5398
67,59.6869,5014
67,59.6869,6290
67,59.6869,5191
67,59.6869,5007
67,59.6869,5540
67,59.6869,5423
67,59.6869,5073
67,59.6869,5384
67,59.6869,5598
67,59.6869,5461
67,59.6869,5332
67,59.6869,5652
67,59.6869,5418
67,59.6869,5350
67,59.6869,6159
67,59.6869,5247
67,59.6869,5609
67,59.6869,5229
67,59.6869,5346
67,59.6869,5829
67,59.6869,5678
67,59.6869,5210
67,60.3363,5102
67,60.3363,5888
67,60.3363,5445
67,60.3363,5675
67,60.3363,6122
67,60.3363,5718
67,60.3363,5149
67,60.3363,6044
67,60.3363,6819
67,60.3363,6574
67,60.3363,6982
67,60.3363,5936
67,60.3363,5179
67,60.3363,4824
67,60.3363,5577
67,60.3363,6142
67,60.3363,8061
67,60.3363,7581
67,60.3363,5229
67,60.3363,5383
67,60.3363,5311
67,60.3363,6068
67,60.3363,7110
67,60.3363,8084
67,60.3363,6179
67,60.3363,5934
67,60.3363,6204
67,60.3363,4891
67,55.8882,5184
67,55.8882,5531
67,55.8882,5277
67,55.8882,5370
67,55.8882,5403
67,55.8882,5705
67,55.8882,5910
67,55.8882,5694
67,55.8882,4918
67,55.8882,4867
67,55.8882,5742
67,55.8882,5226
67,55.8882,5531
67,55.8882,5544
67,55.8882,5217
67,55.8882,5176
67,55.8882,5645
67,55.8882,6526
67,55.8882,7268
67,55.8882,6919
67,55.8882,5844
67,55.8882,6431
67,55.8882,7131
67,55.8882,5245
67,55.8882,6140
67,55.8882,6582
67,55.8882,5694
67,53.5183,6404
67,53.5183,5612
67,53.5183,5173
67,53.5183,5128
67,53.5183,5116
67,53.5183,5111
67,53.5183,5085
67,53.5183,5116
67,53.5183,5729
67,53.5183,5704
67,53.5183,5788
67,53.5183,5620
67,53.5183,5149
67,53.5183,5505
67,53.5183,5236
67,53.5183,4982
67,53.5183,5134
67,53.5183,5550
67,53.5183,5386
67,53.5183,6749
67,53.5183,5884
67,53.5183,6806
67,53.5183,6516
67,53.5183,7503
67,53.5183,7683
67,53.5183,7223
67,53.5183,5840
67,53.5183,7320
67,55.9441,6905
67,55.9441,4740
67,55.9441,5122
67,55.9441,5982
67,55.9441,5517
67,55.9441,5653
67,55.9441,6299
67,55.9441,6403
67,55.9441,6716
67,55.9441,5304
67,55.9441,5218
67,55.9441,6694
67,55.9441,5780
67,55.9441,5905
67,55.9441,5463
67,55.9441,6845
67,55.9441,4806
67,55.9441,5205
67,55.9441,5430
67,55.9441,5137
67,55.9441,5277
67,55.9441,4681
67,55.9441,5039
67,55.9441,5026
67,55.9441,5306
67,55.9441,5567
67,55.9441,4914
67,55.9441,5127
67,55.9441,5154
67,57.7689,4832
67,57.7689,5399
67,57.7689,5249
67,57.7689,4962
89,57.7689,5875
89,57.7689,6324
89,57.7689,6460
89,57.7689,6341
89,57.7689,5720
89,57.7689,7177
89,57.7689,7261
89,57.7689,5783
89,57.7689,6328
89,57.7689,7871
89,57.7689,6962
89,57.7689,6393
89,57.7689,7591
89,57.7689,7151
89,57.7689,6492
89,57.7689,6198
89,57.7689,6352
89,57.7689,7651
89,57.7689,6670
89,57.7689,6070
89,57.7689,5996
89,57.7689,5830
89,57.7689,6662
89,57.7689,6011
89,57.7689,6236
89,56.5476,6605
89,56.5476,6277
89,56.5476,5959
89,56.5476,6545
89,56.5476,6052
89,56.5476,6762
89,56.5476,6675
89,56.5476,6086
89,56.5476,6120
89,56.5476,6895
89,56.5476,6059
89,56.5476,6460
89,56.5476,6097
89,56.5476,6021
89,56.5476,6029
89,56.5476,6605
89,56.5476,5924
89,56.5476,6488
89,56.5476,6653
89,56.5476,6000
89,56.5476,6346
89,56.5476,6552
89,56.5476,6046
89,56.5476,5810
89,56.5476,6178
89,56.5476,6113
89,56.5476,6346
89,56.5476,6296
89,56.5476,6037
89,56.5476,5927
89,60.396,6692
89,60.396,6301
89,60.396,6315
89,60.396,6326
89,60.396,6356
89,60.396,5925
89,60.396,6009
89,60.396,6104
89,60.396,7298
89,60.396,6041
89,60.396,6504
89,60.396,5998
89,60.396,7724
89,60.396,6081
89,60.396,6309
89,60.396,5877
89,60.396,5813
89,60.396,5804
89,60.396,5960
89,60.396,6155
89,60.396,8159
89,60.396,5934
89,60.396,8902
89,60.396,9249
89,60.396,6710
89,60.396,6152
89,60.396,6759
89,60.396,6048
89,60.396,5836
89,60.396,7087
89,59.6421,6104
89,59.6421,6483
89,59.6421,6357
89,59.6421,6190
89,59.6421,6074
89,59.6421,6043
89,59.6421,6046
89,59.6421,6036
89,59.6421,5854
89,59.6421,6701
89,59.6421,5787
89,59.6421,6106
89,59.6421,8859
89,59.6421,9132
89,59.6421,8291
89,59.6421,8221
89,59.6421,8853
89,59.6421,9691
89,59.6421,8952
89,59.6421,9456
89,59.6421,9044
89,59.6421,6235
89,59.6421,6840
89,43.6893,5820
89,43.6893,6244
89,43.6893,6880
89,43.6893,8054
89,43.6893,8889
89,43.6893,6255
89,43.6893,6164
89,43.6893,6852
89,43.6893,6885
89,43.6893,6942
89,43.6893,7645
89,43.6893,7147
89,43.6893,6250
89,43.6893,9009
89,43.6893,7762
89,43.6893,8033
89,43.6893,8330
89,43.6893,6192
89,43.6893,9323
89,43.6893,8533
89,43.6893,9153
89,43.6893,8897
89,43.6893,10198
89,43.6893,8768
89,43.6893,6786
89,50.8982,5819
89,50.8982,8062
89,50.8982,7369
89,50.8982,6860
89,50.8982,7593
89,50.8982,6534
89,50.8982,7244
89,50.8982,6577
89,50.8982,6362
89,50.8982,5939
89,50.8982,6181
89,50.8982,6928
89,50.8982,7056
89,50.8982,8232
89,50.8982,7043
89,50.8982,6374
89,50.8982,6667
89,50.8982,6138
89,50.8982,6547
89,50.8982,6449
89,50.8982,6365
89,50.8982,5818
89,50.8982,5758
89,50.8982,8729
89,50.8982,6286
89,50.8982,7825
89,50.8982,7114
89,50.8982,8230
89,50.8982,5990
89,50.8982,6554
89,50.8982,7245
89,59.8626,7092
89,59.8626,6181
89,59.8626,7331
89,59.8626,8102
89,59.8626,9156
89,59.8626,6354
89,59.8626,6333
89,59.8626,6027
89,59.8626,6837
89,59.8626,6851
89,59.8626,6463
89,59.8626,6114
89,59.8626,6770
89,59.8626,6801
89,59.8626,6080
89,59.8626,6048
89,59.8626,7424
89,59.8626,7719
89,59.8626,6862
89,59.8626,6949
89,59.8626,7630
89,59.8626,6296
89,59.8626,6429
89,59.8626,7045
89,59.8626,6626
89,59.8626,5796
89,59.8626,6444
89,59.8626,6205
89,59.8626,6283
89,59.8626,5838
89,60.5159,10301
89,60.5159,6253
89,60.5159,5712
89,60.5159,6158
89,60.5159,6614
89,60.5159,6871
89,60.5159,7129
89,60.5159,6403
89,60.5159,7052
89,60.5159,6662
89,60.5159,6769
89,60.5159,6231
89,60.5159,6475
89,60.5159,6152
89,60.5159,6103
89,60.5159,6087
89,60.5159,6172
89,60.5159,6315
89,60.5159,6209
89,60.5159,6840
89,60.5159,6137
89,60.5159,6186
89,60.5159,6342
89,60.5159,6293
89,60.5159,5948
89,60.5159,5963
89,60.5159,5996
89,60.5159,5941
89,60.5159,8449
89,60.5159,5798
89,59.8802,6101
89,59.8802,7099
89,59.8802,7195
89,59.8802,6525
89,59.8802,8058
89,59.8802,7610
89,59.8802,8073
89,59.8802,7324
89,59.8802,8176
89,59.8802,9126
89,59.8802,9099
89,59.8802,8670
89,59.8802,9130
89,59.8802,9791
89,59.8802,7961
89,59.8802,9089
89,59.8802,8287
89,59.8802,7984
89,59.8802,7815
89,59.8802,6142
89,59.8802,6074
89,59.8802,8459
89,59.8802,6595
89,44.7316,5792
89,44.7316,7030
89,44.7316,5980
89,44.7316,6179
89,44.7316,7118
89,44.7316,7446
89,44.7316,7440
89,44.7316,8400
89,44.7316,5991
89,44.7316,6010
89,44.7316,6481
89,44.7316,7096
89,44.7316,9435
89,44.7316,6406
89,44.7316,5946
89,44.7316,8676
89,44.7316,9048
89,44.7316,6369
89,44.7316,7688
89,44.7316,8913
89,44.7316,9876
89,44.7316,8169
89,44.7316,7097
89,44.7316,7333
89,44.7316,6696
89,44.7316,7745
89,44.7316,6143
89,53.5183,6742
89,53.5183,7586
89,53.5183,6872
89,53.5183,7618
89,53.5183,5920
89,53.5183,6688
89,53.5183,6346
89,53.5183,6114
89,53.5183,5906
89,53.5183,5903
89,53.5183,5752
89,53.5183,6147
89,53.5183,5962
89,53.5183,6153
89,53.5183,6142
89,53.5183,6036
89,53.5183,5789
89,53.5183,6260
89,53.5183,6672
89,53.5183,6843
89,53.5183,7164
89,53.5183,6907
89,53.5183,6596
89,53.5183,6667
89,53.5183,5736
89,53.5183,6114
89,53.5183,6039
89,53.5183,6107
89,53.5183,5978
89,53.5183,7021
89,60.757,6018
89,60.757,5792
89,60.757,6466
89,60.757,6045
89,60.757,6274
89,60.757,6335
89,60.757,6140
89,60.757,5861
89,60.757,6566
89,60.757,6021
89,60.757,5778
89,60.757,6491
89,60.757,5765
89,60.757,5714
89,60.757,6012
89,60.757,5975
89,60.757,5791
89,60.757,7010
89,60.757,6210
89,60.757,5961
89,60.757,6623
89,60.757,6546
89,60.757,6051
89,60.757,5904
89,60.757,5961
89,60.757,6261
89,60.757,6264
89,60.757,6265
89,60.757,6055
89,60.757,6539
89,60.757,5940
89,59.6869,5872
89,59.6869,6426
89,59.6869,6034
89,59.6869,5709
89,59.6869,6544
89,59.6869,7526
89,59.6869,6399
89,59.6869,6116
89,59.6869,5821
89,59.6869,5985
89,59.6869,5893
89,59.6869,7436
89,59.6869,5812
89,59.6869,7030
89,59.6869,6140
89,59.6869,9184
89,59.6869,7819
89,59.6869,7987
89,59.6869,5982
89,59.6869,6685
89,59.6869,7822
89,59.6869,8365
89,59.6869,6628
89,59.6869,8037
89,59.6869,8007
89,59.6869,6520
89,59.6869,8094
89,59.6869,7621
89,59.6869,6755
89,58.8822,8775
89,58.8822,7163
89,58.8822,7897
89,58.8822,6264
89,58.8822,7144
89,58.8822,7007
89,58.8822,7612
89,58.8822,7468
89,58.8822,5664
89,58.8822,5606
89,58.8822,6331
89,58.8822,6822
89,58.8822,7919
89,58.8822,8049
89,58.8822,6937
89,58.8822,7159
89,58.8822,7514
89,58.8822,6824
89,58.8822,7483
89,58.8822,9187
89,58.8822,7049
89,58.8822,6129
89,58.8822,6183
89,58.8822,6957
89,58.8822,6086
89,58.8822,7729
89,58.8822,5942
89,58.8822,6106
89,58.8822,5715
89,58.8822,6549
89,59.5829,6786
89,59.5829,6520
89,59.5829,6294
89,59.5829,6002
89,59.5829,6828
89,59.5829,6231
111,59.5829,9629
111,59.5829,9158
111,59.5829,8391
111,59.5829,7975
111,59.5829,9344
111,59.5829,9557
111,59.5829,7463
111,59.5829,10170
111,59.5829,8926
111,59.5829,11263
111,59.5829,9789
111,59.5829,8316
111,59.5829,7450
111,59.5829,7076
111,59.5829,9206
111,59.5829,7473
111,59.5829,7007
111,59.5829,8160
111,59.5829,7118
111,48.5149,9468
111,48.5149,7760
111,48.5149,7809
111,48.5149,8498
111,48.5149,9543
111,48.5149,10420
111,48.5149,9711
111,48.5149,9131
111,48.5149,9897
111,48.5149,9358
111,48.5149,9529
111,48.5149,8202
111,48.5149,9401
111,48.5149,7839
111,48.5149,8487
111,48.5149,7953
111,48.5149,8383
111,48.5149,8533
111,48.5149,8963
111,48.5149,7779
111,48.5149,7702
111,48.5149,7601
111,48.5149,7648
111,48.5149,8213
111,48.5149,7258
111,48.5149,8740
111,48.5149,7579
111,54.4016,7071
111,54.4016,7412
111,54.4016,9113
111,54.4016,7105
111,54.4016,7565
111,54.4016,7930
111,54.4016,7406
111,54.4016,7834
111,54.4016,7169
111,54.4016,6900
111,54.4016,7226
111,54.4016,7052
111,54.4016,7333
111,54.4016,7348
111,54.4016,7725
111,54.4016,7697
111,54.4016,9067
111,54.4016,8159
111,54.4016,8426
111,54.4016,8004
111,54.4016,8236
111,54.4016,7951
111,54.4016,7827
111,54.4016,8500
111,54.4016,8039
111,54.4016,7892
111,54.4016,7180
111,54.4016,7613
111,54.4016,7240
111,54.4016,7369
111,58.9411,7799
111,58.9411,7331
111,58.9411,7478
111,58.9411,7869
111,58.9411,7931
111,58.9411,7736
111,58.9411,7594
111,58.9411,7386
111,58.9411,7813
111,58.9411,7188
111,58.9411,7790
111,58.9411,8045
111,58.9411,7791
111,58.9411,10112
111,58.9411,9613
111,58.9411,11359
111,58.9411,10449
111,58.9411,10155
111,58.9411,10594
111,58.9411,11956
111,58.9411,11507
111,58.9411,7450
111,58.9411,8429
111,58.9411,10369
111,47.4308,8855
111,47.4308,7571
111,47.4308,8208
111,47.4308,7987
111,47.4308,7591
111,47.4308,7678
111,47.4308,7313
111,47.4308,7904
111,47.4308,7384
111,47.4308,8337
111,47.4308,7307
111,47.4308,7191
111,47.4308,7733
111,47.4308,7345
111,47.4308,7511
111,47.4308,7151
111,47.4308,7021
111,47.4308,7536
111,47.4308,7135
111,47.4308,7499
111,47.4308,7517
111,47.4308,7072
111,47.4308,7090
111,47.4308,7364
111,47.4308,7055
111,47.4308,7470
111,47.4308,7362
111,47.4308,7041
111,47.4308,7527
111,58.9411,7774
111,58.9411,7230
111,58.9411,7366
111,58.9411,7454
111,58.9411,7192
111,58.9411,8068
111,58.9411,7358
111,58.9411,8110
111,58.9411,7450
111,58.9411,7476
111,58.9411,7078
111,58.9411,7990
111,58.9411,8021
111,58.9411,6998
111,58.9411,7240
111,58.9411,7459
111,58.9411,6987
111,58.9411,7225
111,58.9411,7461
111,58.9411,7112
111,58.9411,7030
111,58.9411,7272
111,58.9411,7060
111,58.9411,7019
111,58.9411,7484
111,58.9411,6981
111,58.9411,6982
111,58.9411,7264
111,58.9411,7528
111,58.9411,7234
111,58.9411,7402
111,59.5703,7104
111,59.5703,7441
111,59.5703,7327
111,59.5703,6876
111,59.5703,7016
111,59.5703,7303
111,59.5703,7148
111,59.5703,7686
111,59.5703,7391
111,59.5703,7275
111,59.5703,7300
111,59.5703,7455
111,59.5703,7313
111,59.5703,7414
111,59.5703,7387
111,59.5703,7128
111,59.5703,7342
111,59.5703,7500
111,59.5703,7289
111,59.5703,7129
111,59.5703,7674
111,59.5703,10400
111,59.5703,7289
111,59.5703,7109
111,59.5703,7469
111,59.5703,7327
111,59.5703,7537
111,59.5703,6831
111,59.5703,7118
111,59.5703,7376
111,60.5159,7013
111,60.5159,7277
111,60.5159,7486
111,60.5159,8812
111,60.5159,7530
111,60.5159,10767
111,60.5159,8341
111,60.5159,7147
111,60.5159,8938
111,60.5159,7875
111,60.5159,9163
111,60.5159,8417
111,60.5159,7135
111,60.5159,8051
111,60.5159,8134
111,60.5159,8317
111,60.5159,7087
111,60.5159,7261
111,60.5159,7360
111,60.5159,7151
111,60.5159,7492
111,60.5159,7752
111,60.5159,6970
111,60.5159,10625
111,60.5159,7189
111,60.5159,6950
111,60.5159,8273
111,60.5159,7218
111,60.5159,7236
111,60.5159,8493
111,58.4158,7932
111,58.4158,6927
111,58.4158,7370
111,58.4158,7498
111,58.4158,10561
111,58.4158,7556
111,58.4158,7275
111,58.4158,7777
111,58.4158,9215
111,58.4158,8049
111,58.4158,8307
111,58.4158,8711
111,58.4158,8714
111,58.4158,8070
111,58.4158,8860
111,58.4158,7350
111,58.4158,8007
111,58.4158,7218
111,58.4158,7482
111,58.4158,9212
111,58.4158,8504
111,58.4158,9112
111,58.4158,8275
111,58.4158,8156
111,58.4158,8320
111,58.4158,8840
111,58.4158,8241
111,58.4158,8446
111,58.4158,7878
111,56.9185,8160
111,56.9185,9004
111,56.9185,10873
111,56.9185,10800
111,56.9185,8762
111,56.9185,11944
111,56.9185,10710
111,56.9185,7495
111,56.9185,7283
111,56.9185,8956
111,56.9185,7979
111,56.9185,7779
111,56.9185,8621
111,56.9185,9208
111,56.9185,7726
111,56.9185,7324
111,56.9185,7452
111,56.9185,7828
111,56.9185,8181
111,56.9185,9035
111,56.9185,7899
111,56.9185,8796
111,56.9185,7820
111,56.9185,7219
111,48.8048,7700
111,48.8048,7548
111,48.8048,7129
111,48.8048,7837
111,48.8048,7943
111,48.8048,7781
111,48.8048,9983
111,48.8048,10197
111,48.8048,9660
111,48.8048,9943
111,48.8048,10258
111,48.8048,9388
111,48.8048,10242
111,48.8048,9097
111,48.8048,7942
111,48.8048,7844
111,48.8048,7583
111,48.8048,7442
111,48.8048,8106
111,48.8048,7335
111,48.8048,7755
111,48.8048,7180
111,48.8048,7647
111,48.8048,7582
111,48.8048,7387
111,48.8048,7316
111,48.8048,7631
111,48.8048,7199
111,54.672,7580
111,54.672,8625
111,54.672,7863
111,54.672,7359
111,54.672,9646
111,54.672,7222
111,54.672,7512
111,54.672,7682
111,54.672,7554
111,54.672,7337
111,54.672,7197
111,54.672,7667
111,54.672,8142
111,54.672,8179
111,54.672,8919
111,54.672,9681
111,54.672,9040
111,54.672,8295
111,54.672,8655
111,54.672,9228
111,54.672,10615
111,54.672,9034
111,54.672,8497
111,54.672,7995
111,54.672,8338
111,54.672,9622
111,54.672,9468
111,54.672,8439
111,55.8882,8162
111,55.8882,7531
111,55.8882,7505
111,55.8882,7361
111,55.8882,7571
111,55.8882,7743
111,55.8882,7323
111,55.8882,7730
111,55.8882,7128
111,55.8882,7453
111,55.8882,7040
111,55.8882,7286
111,55.8882,7452
111,55.8882,7648
111,55.8882,7062
111,55.8882,7227
111,55.8882,8292
111,55.8882,7253
111,55.8882,7401
111,55.8882,7216
111,55.8882,8244
111,55.8882,7775
111,55.8882,8324
111,55.8882,8766
111,55.8882,8920
111,55.8882,8679
111,55.8882,7957
111,55.8882,7922
111,55.8882,8807
111,57.5397,9069
111,57.5397,9473
111,57.5397,8055
111,57.5397,8312
111,57.5397,10125
111,57.5397,9508
111,57.5397,8957
111,57.5397,8649
111,57.5397,7679
111,57.5397,7624
111,57.5397,7402
111,57.5397,7888
111,57.5397,7684
111,57.5397,7858
111,57.5397,8130
111,57.5397,7580
111,57.5397,8164
111,57.5397,7835
111,57.5397,8371
111,57.5397,9601
111,57.5397,7385
111,57.5397,7542
111,57.5397,8479
111,57.5397,7589
111,57.5397,7337
111,57.5397,7603
111,57.5397,7375
111,57.5397,7383
111,56.3798,7345
111,56.3798,9157
111,56.3798,7682
111,56.3798,7899
111,56.3798,7982
111,56.3798,9159
111,56.3798,7423
111,56.3798,7429
111,56.3798,8647
111,56.3798,8005
111,56.3798,8523
111,56.3798,7344
111,56.3798,7570
111,56.3798,7682
133,56.3798,10761
133,56.3798,10133
133,56.3798,9903
133,56.3798,8967
133,56.3798,10427
133,56.3798,9740
133,56.3798,8220
133,56.3798,8739
133,56.3798,8171
133,56.3798,8316
133,56.3798,8586
133,56.3798,8144
133,56.3798,8409
133,53.5183,7966
133,53.5183,8585
133,53.5183,9627
133,53.5183,8698
133,53.5183,8901
133,53.5183,8987
133,53.5183,9127
133,53.5183,9277
133,53.5183,9136
133,53.5183,10917
133,53.5183,8549
133,53.5183,9618
133,53.5183,9617
133,53.5183,10552
133,53.5183,8958
133,53.5183,9124
133,53.5183,8386
133,53.5183,8322
133,53.5183,8195
133,53.5183,9341
133,53.5183,8938
133,53.5183,9382
133,53.5183,9303
133,53.5183,9326
133,53.5183,9462
133,53.5183,8623
133,53.5183,10281
133,53.5183,10685
133,54.4016,11699
133,54.4016,9740
133,54.4016,10196
133,54.4016,10269
133,54.4016,9525
133,54.4016,9212
133,54.4016,9315
133,54.4016,9090
133,54.4016,8875
133,54.4016,9152
133,54.4016,9333
133,54.4016,8311
133,54.4016,9414
133,54.4016,9463
133,54.4016,11655
133,54.4016,8041
133,54.4016,8679
133,54.4016,8909
133,54.4016,9090
133,54.4016,7784
133,54.4016,8265
133,54.4016,8438
133,54.4016,8946
133,54.4016,8926
133,54.4016,8783
133,54.4016,9184
133,54.4016,8750
133,54.4016,8950
133,54.6875,9126
133,54.6875,8745
133,54.6875,8415
133,54.6875,8413
133,54.6875,9405
133,54.6875,8772
133,54.6875,8604
133,54.6875,9374
133,54.6875,8586
133,54.6875,8379
133,54.6875,8918
133,54.6875,7968
133,54.6875,8963
133,54.6875,8584
133,54.6875,9409
133,54.6875,8454
133,54.6875,9156
133,54.6875,9245
133,54.6875,8932
133,54.6875,8727
133,54.6875,9095
133,54.6875,8199
133,54.6875,7948
133,54.6875,8168
133,54.6875,8278
133,54.6875,8276
133,54.6875,8611
133,54.6875,8758
133,54.741,8682
133,54.741,8489
133,54.741,8093
133,54.741,8384
133,54.741,8095
133,54.741,8683
133,54.741,9212
133,54.741,8296
133,54.741,9053
133,54.741,8804
133,54.741,10153
133,54.741,9715
133,54.741,7920
133,54.741,9084
133,54.741,7942
133,54.741,8290
133,54.741,8557
133,54.741,8791
133,54.741,9450
133,54.741,8822
133,54.741,8547
133,54.741,8666
133,54.741,7941
133,54.741,8323
133,54.741,8300
133,54.741,8087
133,54.741,9159
133,54.741,7810
133,54.741,8576
133,57.8842,9207
133,57.8842,9004
133,57.8842,9435
133,57.8842,9052
133,57.8842,9431
133,57.8842,9241
133,57.8842,7961
133,57.8842,8743
133,57.8842,7782
133,57.8842,8076
133,57.8842,8767
133,57.8842,7951
133,57.8842,8526
133,57.8842,8512
133,57.8842,9520
133,57.8842,8169
133,57.8842,8521
133,57.8842,9575
133,57.8842,8910
133,57.8842,8193
133,57.8842,8266
133,57.8842,8034
133,57.8842,8336
133,57.8842,8292
133,57.8842,7771
133,57.8842,9263
133,57.8842,8708
133,57.8842,8731
133,57.8842,8067
133,57.7114,9232
133,57.7114,8367
133,57.7114,8768
133,57.7114,8084
133,57.7114,8316
133,57.7114,8015
133,57.7114,7932
133,57.7114,8650
133,57.7114,8195
133,57.7114,8176
133,57.7114,8294
133,57.7114,8943
133,57.7114,8089
133,57.7114,8582
133,57.7114,8120
133,57.7114,9295
133,57.7114,9012
133,57.7114,9384
133,57.7114,9059
133,57.7114,8373
133,57.7114,8312
133,57.7114,8292
133,57.7114,8084
133,57.7114,8247
133,57.7114,8554
133,57.7114,8832
133,57.7114,9470
133,57.7114,9094
133,57.7114,9568
133,57.7689,10522
133,57.7689,10504
133,57.7689,10153
133,57.7689,9779
133,57.7689,11759
133,57.7689,12766
133,57.7689,11485
133,57.7689,12420
133,57.7689,13156
133,57.7689,12729
133,57.7689,11356
133,57.7689,12685
133,57.7689,13662
133,57.7689,12984
133,57.7689,9598
133,57.7689,11346
133,57.7689,9312
133,57.7689,8987
133,57.7689,7816
133,57.7689,8541
133,57.7689,8989
133,57.7689,8405
133,57.7689,9922
133,45.1866,8190
133,45.1866,7872
133,45.1866,8158
133,45.1866,7771
133,45.1866,7973
133,45.1866,8049
133,45.1866,7936
133,45.1866,8966
133,45.1866,8168
133,45.1866,7983
133,45.1866,8931
133,45.1866,9189
133,45.1866,8957
133,45.1866,8661
133,45.1866,8262
133,45.1866,8428
133,45.1866,8526
133,45.1866,8083
133,45.1866,8210
133,45.1866,8557
133,45.1866,8322
133,45.1866,8587
133,45.1866,8248
133,45.1866,9316
133,45.1866,8062
133,45.1866,8716
133,45.1866,8885
133,45.1866,9249
133,45.1866,8671
133,57.7689,8623
133,57.7689,8142
133,57.7689,8194
133,57.7689,9210
133,57.7689,8658
133,57.7689,8256
133,57.7689,8862
133,57.7689,8946
133,57.7689,8981
133,57.7689,9883
133,57.7689,9924
133,57.7689,9252
133,57.7689,8547
133,57.7689,8039
133,57.7689,8327
133,57.7689,8206
133,57.7689,8066
133,57.7689,9093
133,57.7689,8786
133,57.7689,8787
133,57.7689,10891
133,57.7689,8691
133,57.7689,8407
133,57.7689,8672
133,57.7689,8279
133,57.7689,8363
133,57.7689,8916
133,57.7689,10746
133,56.66,10559
133,56.66,8509
133,56.66,8764
133,56.66,8451
133,56.66,8849
133,56.66,8829
133,56.66,8708
133,56.66,8597
133,56.66,8946
133,56.66,9247
133,56.66,8983
133,56.66,10932
133,56.66,8590
133,56.66,8195
133,56.66,8600
133,56.66,8068
133,56.66,8230
133,56.66,8632
133,56.66,8315
133,56.66,8086
133,56.66,11129
133,56.66,9714
133,56.66,10645
133,56.66,9107
133,56.66,8604
133,56.66,7894
133,56.66,8251
133,56.66,8010
133,56.66,7865
133,57.7689,8732
133,57.7689,7732
133,57.7689,7872
133,57.7689,8202
133,57.7689,8244
133,57.7689,8187
133,57.7689,8440
133,57.7689,11224
133,57.7689,8104
133,57.7689,8376
133,57.7689,8065
133,57.7689,7753
133,57.7689,8186
133,57.7689,7923
133,57.7689,8273
133,57.7689,8448
133,57.7689,7834
133,57.7689,9168
133,57.7689,8231
133,57.7689,9279
133,57.7689,9187
133,57.7689,8790
133,57.7689,10957
133,57.7689,8454
133,57.7689,8448
133,57.7689,9622
133,57.7689,8651
133,57.7689,9093
133,57.7689,9224
133,57.5397,9658
133,57.5397,8881
133,57.5397,9696
133,57.5397,8415
133,57.5397,8510
133,57.5397,7810
133,57.5397,8148
133,57.5397,7891
133,57.5397,8345
133,57.5397,9947
133,57.5397,8716
133,57.5397,9732
133,57.5397,9196
133,57.5397,8766
133,57.5397,9454
133,57.5397,8309
133,57.5397,8097
133,57.5397,8398
133,57.5397,7926
133,57.5397,8169
133,57.5397,7985
133,57.5397,8094
133,57.5397,8537
133,57.5397,7695
133,57.5397,8825
133,57.5397,8929
133,57.5397,8312
133,57.5397,8914
133,57.5397,8914
133,57.5397,8740
133,57.6172,8464
133,57.6172,10674
133,57.6172,8623
133,57.6172,8768
133,57.6172,7773
133,57.6172,8222
133,57.6172,8110
133,57.6172,8095
133,57.6172,8247
133,57.6172,8015
133,57.6172,8395
133,57.6172,8629
133,57.6172,8439
133,57.6172,9682
133,57.6172,9016
133,57.6172,9290
133,57.6172,9699
133,57.6172,8329
133,57.6172,8583
133,57.6172,8992
133,57.6172,7813
133,57.6172,7758
133,57.6172,8387
133,57.6172,7827
133,57.6172,8200
133,57.6172,8027
133,57.6172,8140
133,57.6172,8303
133,57.6172,7720
133,58.8822,8350
133,58.8822,8806
133,58.8822,7967
133,58.8822,9344
133,58.8822,9130
133,58.8822,9528
133,58.8822,8628
133,58.8822,9602
133,58.8822,8315
133,58.8822,7984
133,58.8822,8006
133,58.8822,8250
133,58.8822,7962
133,58.8822,7827
133,58.8822,8204
133,58.8822,7912
133,58.8822,8102
133,58.8822,8741
133,58.8822,7708
155,58.8822,9747
155,58.8822,10051
155,58.8822,10079
155,58.8822,10691
155,58.8822,10620
155,58.8822,9853
155,58.8822,10206
155,58.8822,9862
155,52.5273,9401
155,52.5273,10532
155,52.5273,10647
155,52.5273,10660
155,52.5273,10532
155,52.5273,9644
155,52.5273,9749
155,52.5273,9727
155,52.5273,10619
155,52.5273,10388
155,52.5273,10078
155,52.5273,9665
155,52.5273,9866
155,52.5273,10684
155,52.5273,11480
155,52.5273,10405
155,52.5273,9616
155,52.5273,9794
155,52.5273,10406
155,52.5273,10606
155,52.5273,10890
155,52.5273,10816
155,52.5273,9529
155,52.5273,9921
155,52.5273,10397
155,52.5273,10811
155,52.5273,10312
155,52.5273,9522
155,55.1724,9698
155,55.1724,10265
155,55.1724,10736
155,55.1724,11636
155,55.1724,13802
155,55.1724,15003
155,55.1724,15444
155,55.1724,12574
155,55.1724,12747
155,55.1724,13378
155,55.1724,13644
155,55.1724,16174
155,55.1724,13075
155,55.1724,14597
155,55.1724,14177
155,55.1724,15764
155,55.1724,11111
155,55.1724,10730
155,55.1724,10425
155,55.1724,10595
155,55.1724,9856
155,41.8744,10037
155,41.8744,10279
155,41.8744,10152
155,41.8744,10005
155,41.8744,9684
155,41.8744,10143
155,41.8744,9918
155,41.8744,11031
155,41.8744,11016
155,41.8744,10495
155,41.8744,10257
155,41.8744,10272
155,41.8744,10183
155,41.8744,10268
155,41.8744,10578
155,41.8744,9961
155,41.8744,9855
155,41.8744,11001
155,41.8744,11070
155,41.8744,10234
155,41.8744,9900
155,41.8744,11218
155,41.8744,10419
155,41.8744,11088
155,41.8744,12540
155,41.8744,13370
155,41.8744,11460
155,41.8744,10588
155,54.6341,10154
155,54.6341,10776
155,54.6341,11882
155,54.6341,13989
155,54.6341,12079
155,54.6341,9815
155,54.6341,10148
155,54.6341,11377
155,54.6341,11216
155,54.6341,10346
155,54.6341,12771
155,54.6341,11564
155,54.6341,10353
155,54.6341,9996
155,54.6341,13256
155,54.6341,12238
155,54.6341,10214
155,54.6341,9846
155,54.6341,9797
155,54.6341,9498
155,54.6341,10943
155,54.6341,11053
155,54.6341,10708
155,54.6341,13548
155,54.6341,12115
155,54.6341,13868
155,54.6341,10892
155,53.0973,10458
155,53.0973,13456
155,53.0973,12544
155,53.0973,11257
155,53.0973,10458
155,53.0973,13654
155,53.0973,10633
155,53.0973,10069
155,53.0973,10446
155,53.0973,10704
155,53.0973,11385
155,53.0973,10500
155,53.0973,10511
155,53.0973,10565
155,53.0973,11962
155,53.0973,10107
155,53.0973,10220
155,53.0973,11177
155,53.0973,10290
155,53.0973,10240
155,53.0973,10092
155,53.0973,10072
155,53.0973,10362
155,53.0973,11085
155,53.0973,10126
155,53.0973,10537
155,53.0973,10489
155,53.5183,10080
155,53.5183,10921
155,53.5183,11605
155,53.5183,10834
155,53.5183,10747
155,53.5183,12360
155,53.5183,11149
155,53.5183,10563
155,53.5183,9788
155,53.5183,10405
155,53.5183,10716
155,53.5183,10039
155,53.5183,11038
155,53.5183,10598
155,53.5183,11112
155,53.5183,10832
155,53.5183,10746
155,53.5183,12072
155,53.5183,13744
155,53.5183,15109
155,53.5183,13361
155,53.5183,12899
155,53.5183,13614
155,53.5183,15024
155,53.5183,13809
155,49.8504,12712
155,49.8504,14946
155,49.8504,15394
155,49.8504,11295
155,49.8504,10151
155,49.8504,10667
155,49.8504,10600
155,49.8504,10896
155,49.8504,10388
155,49.8504,10065
155,49.8504,10397
155,49.8504,10423
155,49.8504,10206
155,49.8504,10114
155,49.8504,10042
155,49.8504,10026
155,49.8504,10272
155,49.8504,11942
155,49.8504,11554
155,49.8504,11319
155,49.8504,11116
155,49.8504,10928
155,49.8504,10699
155,49.8504,11378
155,49.8504,9753
155,49.8504,9956
155,52.5273,10014
155,52.5273,11001
155,52.5273,11350
155,52.5273,10041
155,52.5273,9796
155,52.5273,10364
155,52.5273,10766
155,52.5273,10249
155,52.5273,10576
155,52.5273,9814
155,52.5273,10992
155,52.5273,11222
155,52.5273,11580
155,52.5273,12517
155,52.5273,10316
155,52.5273,10688
155,52.5273,10357
155,52.5273,10627
155,52.5273,9958
155,52.5273,9990
155,52.5273,11078
155,52.5273,10617
155,52.5273,12632
155,52.5273,12030
155,52.5273,11538
155,52.5273,12298
155,52.5273,12375
155,53.6779,10955
155,53.6779,12129
155,53.6779,12400
155,53.6779,10257
155,53.6779,10387
155,53.6779,10495
155,53.6779,10671
155,53.6779,10818
155,53.6779,10573
155,53.6779,10304
155,53.6779,10662
155,53.6779,10736
155,53.6779,10047
155,53.6779,9958
155,53.6779,11255
155,53.6779,11565
155,53.6779,10184
155,53.6779,10500
155,53.6779,10306
155,53.6779,9833
155,53.6779,12122
155,53.6779,12448
155,53.6779,15513
155,53.6779,15277
155,53.6779,13803
155,53.6779,13318
155,49.8534,13204
155,49.8534,12573
155,49.8534,12661
155,49.8534,12219
155,49.8534,11127
155,49.8534,12960
155,49.8534,10980
155,49.8534,10281
155,49.8534,11187
155,49.8534,10817
155,49.8534,10472
155,49.8534,9862
155,49.8534,10153
155,49.8534,11211
155,49.8534,10931
155,49.8534,11449
155,49.8534,12862
155,49.8534,12799
155,49.8534,11554
155,49.8534,11056
155,49.8534,10456
155,49.8534,12576
155,49.8534,11788
155,49.8534,11025
155,49.8534,10693
155,49.8534,11971
155,51.8445,11006
155,51.8445,9988
155,51.8445,10717
155,51.8445,11252
155,51.8445,10883
155,51.8445,10757
155,51.8445,10298
155,51.8445,10771
155,51.8445,11145
155,51.8445,11492
155,51.8445,10306
155,51.8445,10831
155,51.8445,10922
155,51.8445,11359
155,51.8445,10872
155,51.8445,11328
155,51.8445,10386
155,51.8445,10850
155,51.8445,11194
155,51.8445,11335
155,51.8445,10438
155,51.8445,10798
155,51.8445,12319
155,51.8445,10915
155,51.8445,11376
155,51.8445,10281
155,51.8445,11867
155,54.4016,11015
155,54.4016,11432
155,54.4016,11038
155,54.4016,11413
155,54.4016,11279
155,54.4016,10492
155,54.4016,10179
155,54.4016,10562
155,54.4016,11451
155,54.4016,11477
155,54.4016,11362
155,54.4016,10466
155,54.4016,10528
155,54.4016,11642
155,54.4016,10724
155,54.4016,11304
155,54.4016,10809
155,54.4016,11851
155,54.4016,10836
155,54.4016,11188
155,54.4016,11228
155,54.4016,13367
155,54.4016,13738
155,54.4016,11556
155,54.4016,11585
155,54.4016,11691
155,54.4016,11682
155,52.7888,13479
155,52.7888,13999
155,52.7888,12658
155,52.7888,12212
155,52.7888,10746
155,52.7888,11961
155,52.7888,11802
155,52.7888,13054
155,52.7888,10705
155,52.7888,10638
155,52.7888,12181
155,52.7888,11880
155,52.7888,10536
155,52.7888,10500
155,52.7888,12256
155,52.7888,11114
155,52.7888,11153
155,52.7888,10064
155,52.7888,10389
155,52.7888,10847
155,52.7888,11111
155,52.7888,11295
155,52.7888,10086
155,52.7888,10826
155,52.7888,11136
155,52.7888,11069
155,52.8942,11368
155,52.8942,10498
155,52.8942,11266
155,52.8942,11052
155,52.8942,11003
155,52.8942,10504
155,52.8942,10494
155,52.8942,10875
155,52.8942,10582
155,52.8942,10587
155,52.8942,11088
155,52.8942,11523
155,52.8942,11513
155,52.8942,10147
155,52.8942,10264
155,52.8942,11713
155,52.8942,11626
155,52.8942,11177
155,52.8942,10200
155,52.8942,11357
155,52.8942,12162
155,52.8942,10384
155,52.8942,10054
155,52.8942,10248
155,52.8942,10203
155,52.8942,11964
155,52.8942,11401
155,53.9461,10544
155,53.9461,10483
155,53.9461,11520
155,53.9461,10733
155,53.9461,11909
155,53.9461,10534
155,53.9461,10487
155,53.9461,10763
155,53.9461,12745
155,53.9461,10436
155,53.9461,10719
155,53.9461,10874
155,53.9461,11143
155,53.9461,10387
155,53.9461,9660
155,53.9461,11105
155,53.9461,10633
155,53.9461,10958
155,53.9461,11547
155,53.9461,11125
155,53.9461,11762
155,53.9461,10875
155,53.9461,11920
155,53.9461,10286
177,53.9461,12694
177,53.9461,14116
177,49.5146,12960
177,49.5146,12354
177,49.5146,11686
177,49.5146,13257
177,49.5146,13914
177,49.5146,13914
177,49.5146,13961
177,49.5146,14911
177,49.5146,12483
177,49.5146,11700
177,49.5146,12705
177,49.5146,12920
177,49.5146,12636
177,49.5146,17768
177,49.5146,15663
177,49.5146,15714
177,49.5146,15675
177,49.5146,13748
177,49.5146,15114
177,49.5146,13741
177,49.5146,12047
177,49.5146,15365
177,49.5146,14800
177,49.5146,11710
177,47.5248,12045
177,47.5248,12816
177,47.5248,14939
177,47.5248,14971
177,47.5248,13633
177,47.5248,15648
177,47.5248,12686
177,47.5248,12440
177,47.5248,18805
177,47.5248,14512
177,47.5248,12577
177,47.5248,13048
177,47.5248,11891
177,47.5248,12413
177,47.5248,12506
177,47.5248,12510
177,47.5248,12885
177,47.5248,12077
177,47.5248,13476
177,47.5248,13404
177,47.5248,13594
177,47.5248,12962
177,47.5248,11816
177,47.5248,12016
177,47.5248,12559
177,49.3583,12378
177,49.3583,12321
177,49.3583,12378
177,49.3583,12110
177,49.3583,14079
177,49.3583,14147
177,49.3583,12590
177,49.3583,12808
177,49.3583,12922
177,49.3583,11956
177,49.3583,12404
177,49.3583,12099
177,49.3583,11965
177,49.3583,12243
177,49.3583,12323
177,49.3583,12617
177,49.3583,12069
177,49.3583,12220
177,49.3583,13059
177,49.3583,11862
177,49.3583,13157
177,49.3583,12575
177,49.3583,14011
177,49.3583,13962
177,49.3583,13263
177,49.3583,12281
177,51.2821,13510
177,51.2821,12702
177,51.2821,13504
177,51.2821,13118
177,51.2821,12231
177,51.2821,12982
177,51.2821,13459
177,51.2821,12852
177,51.2821,12809
177,51.2821,12136
177,51.2821,11861
177,51.2821,12269
177,51.2821,12884
177,51.2821,12843
177,51.2821,12516
177,51.2821,13213
177,51.2821,12814
177,51.2821,13514
177,51.2821,13214
177,51.2821,12559
177,51.2821,14058
177,51.2821,13846
177,51.2821,14912
177,51.2821,13321
177,51.2821,11825
177,51.2821,12410
177,51.1308,13194
177,51.1308,11844
177,51.1308,12860
177,51.1308,13332
177,51.1308,12694
177,51.1308,12916
177,51.1308,13455
177,51.1308,11618
177,51.1308,12263
177,51.1308,12557
177,51.1308,12057
177,51.1308,12778
177,51.1308,13343
177,51.1308,13961
177,51.1308,12712
177,51.1308,12818
177,51.1308,12792
177,51.1308,14514
177,51.1308,13140
177,51.1308,13228
177,51.1308,12007
177,51.1308,14348
177,51.1308,11422
177,51.1308,12032
177,51.1308,12172
177,51.1308,17377
177,50.4854,16656
177,50.4854,18446
177,50.4854,16121
177,50.4854,13616
177,50.4854,13157
177,50.4854,14406
177,50.4854,13874
177,50.4854,13523
177,50.4854,15215
177,50.4854,12205
177,50.4854,12691
177,50.4854,13033
177,50.4854,15721
177,50.4854,12371
177,50.4854,13958
177,50.4854,13861
177,50.4854,15993
177,50.4854,16657
177,50.4854,13896
177,50.4854,15398
177,50.4854,15443
177,50.4854,13421
177,50.4854,12534
177,45.4995,11768
177,45.4995,12377
177,45.4995,13640
177,45.4995,11865
177,45.4995,13066
177,45.4995,13325
177,45.4995,12529
177,45.4995,12303
177,45.4995,13202
177,45.4995,12094
177,45.4995,11800
177,45.4995,12516
177,45.4995,12708
177,45.4995,11788
177,45.4995,12703
177,45.4995,13202
177,45.4995,11706
177,45.4995,12064
177,45.4995,12865
177,45.4995,12391
177,45.4995,12564
177,45.4995,12770
177,45.4995,14134
177,45.4995,12448
177,45.4995,12051
177,45.4995,13528
177,52.4752,12063
177,52.4752,12097
177,52.4752,12392
177,52.4752,12088
177,52.4752,12480
177,52.4752,13931
177,52.4752,11448
177,52.4752,11716
177,52.4752,11994
177,52.4752,12690
177,52.4752,11370
177,52.4752,12512
177,52.4752,13020
177,52.4752,11672
177,52.4752,12526
177,52.4752,12033
177,52.4752,12806
177,52.4752,11868
177,52.4752,12660
177,52.4752,13179
177,52.4752,12503
177,52.4752,12720
177,52.4752,13139
177,52.4752,12061
177,52.4752,12483
177,52.4752,14657
177,52.4752,11830
177,51.6066,12379
177,51.6066,12046
177,51.6066,12718
177,51.6066,13375
177,51.6066,12522
177,51.6066,12490
177,51.6066,11510
177,51.6066,12182
177,51.6066,13859
177,51.6066,12033
177,51.6066,12207
177,51.6066,12617
177,51.6066,13160
177,51.6066,12186
177,51.6066,12005
177,51.6066,12784
177,51.6066,12298
177,51.6066,12780
177,51.6066,13612
177,51.6066,11749
177,51.6066,11945
177,51.6066,13299
177,51.6066,12271
177,51.6066,12476
177,51.6066,13174
177,51.6066,14428
177,51.8962,12194
177,51.8962,13703
177,51.8962,11903
177,51.8962,13704
177,51.8962,12061
177,51.8962,12092
177,51.8962,14341
177,51.8962,13126
177,51.8962,12438
177,51.8962,12847
177,51.8962,13429
177,51.8962,11647
177,51.8962,13009
177,51.8962,13119
177,51.8962,11662
177,51.8962,12556
177,51.8962,14842
177,51.8962,13042
177,51.8962,12751
177,51.8962,12426
177,51.8962,13181
177,51.8962,12400
177,51.8962,12547
177,51.8962,12694
177,51.8962,13592
177,51.8962,13830
177,51.0304,14445
177,51.0304,11705
177,51.0304,12056
177,51.0304,11953
177,51.0304,13289
177,51.0304,12496
177,51.0304,12481
177,51.0304,12679
177,51.0304,11526
177,51.0304,12344
177,51.0304,13456
177,51.0304,12920
177,51.0304,13592
177,51.0304,13186
177,51.0304,12769
177,51.0304,12075
177,51.0304,13320
177,51.0304,11642
177,51.0304,12641
177,51.0304,12874
177,51.0304,11873
177,51.0304,11864
177,51.0304,13425
177,51.0304,15767
177,51.0304,13023
177,51.0304,12634
177,51.5873,11502
177,51.5873,12279
177,51.5873,12792
177,51.5873,12826
177,51.5873,12005
177,51.5873,13929
177,51.5873,12716
177,51.5873,11787
177,51.5873,13219
177,51.5873,12344
177,51.5873,12526
177,51.5873,12713
177,51.5873,14678
177,51.5873,11702
177,51.5873,13403
177,51.5873,12962
177,51.5873,12218
177,51.5873,13411
177,51.5873,13879
177,51.5873,12120
177,51.5873,12488
177,51.5873,11789
177,51.5873,11647
177,51.5873,12108
177,51.5873,12120
177,51.5873,11736
177,51.8445,12107
177,51.8445,13381
177,51.8445,12396
177,51.8445,11591
177,51.8445,12151
177,51.8445,13585
177,51.8445,12057
177,51.8445,12389
177,51.8445,12782
177,51.8445,11760
177,51.8445,12533
177,51.8445,13037
177,51.8445,12653
177,51.8445,11772
177,51.8445,12588
177,51.8445,12804
177,51.8445,13666
177,51.8445,12413
177,51.8445,12135
177,51.8445,12353
177,51.8445,11921
177,51.8445,12327
177,51.8445,11430
177,51.8445,11868
177,51.8445,12934
177,51.8445,12601
177,51.9481,12102
177,51.9481,13040
177,51.9481,13265
177,51.9481,12027
177,51.9481,11922
177,51.9481,13162
177,51.9481,11785
177,51.9481,11951
177,51.9481,12059
177,51.9481,11902
177,51.9481,12081
177,51.9481,13830
177,51.9481,12632
177,51.9481,11969
177,51.9481,13987
177,51.9481,12139
177,51.9481,13679
177,51.9481,13772
177,51.9481,11817
177,51.9481,12923
177,51.9481,13074
177,51.9481,11588
177,51.9481,11702
177,51.9481,12994
177,51.9481,12342
177,51.9481,12880
177,51.6385,12959
177,51.6385,12825
177,51.6385,16398
177,51.6385,12853
177,51.6385,11862
177,51.6385,12137
177,51.6385,12746
177,51.6385,12497
177,51.6385,13010
177,51.6385,13022
177,51.6385,13012
177,51.6385,13137
177,51.6385,12529
177,51.6385,11397
177,51.6385,12134
177,51.6385,12684
177,51.6385,12122
177,51.6385,11756
177,51.6385,11751
177,51.6385,13220
177,51.6385,12171
177,51.6385,12308
177,51.6385,12865
177,51.6385,11854
177,51.6385,12637
177,51.6385,13950
177,51.8445,12436
177,51.8445,11351
177,51.8445,12868
177,51.8445,13962
177,51.8445,12045
177,51.8445,11718
177,51.8445,12759
177,51.8445,12070
177,51.8445,12277
177,51.8445,13040
177,51.8445,12499
177,51.8445,12525
177,51.8445,13282
177,51.8445,12555
177,51.8445,12889
177,51.8445,13371
177,51.8445,12305
177,51.8445,12130
177,51.8445,12398
177,51.8445,12557
177,51.8445,11579
177,51.8445,13728
177,51.8445,12534
177,51.8445,12274
177,51.8445,13050
177,51.8445,12263
177,51.6385,11501
177,51.6385,12768
177,51.6385,12961
177,51.6385,12482
177,51.6385,12763
177,51.6385,13335
177,51.6385,11847
177,51.6385,12016
177,51.6385,12850
177,51.6385,12650
177,51.6385,11951
177,51.6385,13296
177,51.6385,12822
177,51.6385,11223
177,51.6385,12359
177,51.6385,12805
177,51.6385,12258
177,51.6385,12167
177,51.6385,12604
177,51.6385,12060
177,51.6385,12054
177,51.6385,12989
177,51.6385,12338
177,51.6385,12285
177,51.6385,13811
177,51.6385,11990
177,51.9481,11982
177,51.9481,13194
177,51.9481,12014
177,51.9481,11913
177,51.9481,12967
177,51.9481,12038
177,51.9481,11348
177,51.9481,12572
177,51.9481,12493
177,51.9481,12547
177,51.9481,12048
177,51.9481,13301
177,51.9481,12819
177,51.9481,11441
177,51.9481,14095
177,51.9481,14008
177,51.9481,14329
177,51.9481,15395
177,51.9481,13630
177,51.9481,12617
177,51.9481,14891
177,51.9481,12665
177,51.9481,11993
177,51.9481,12673
177,51.9481,12843
177,51.9481,11365
177,51.0806,12593
177,51.0806,12444
177,51.0806,13033
177,51.0806,11988
177,51.0806,13720
177,51.0806,11974
177,51.0806,12175
177,51.0806,12634
177,51.0806,11913
177,51.0806,11857
177,51.0806,13491
177,51.0806,13313
177,51.0806,12394
177,51.0806,13410
177,51.0806,13185
177,51.0806,12093
177,51.0806,13589
177,51.0806,12272
177,51.0806,11555
177,51.0806,13563
177,51.0806,12100
177,51.0806,11609
177,51.0806,14674
177,51.0806,12422
177,51.0806,11508
177,51.0806,12282
177,51.7413,12656
177,51.7413,12169
177,51.7413,12643
177,51.7413,12281
177,51.7413,12014
177,51.7413,11473
177,51.7413,13394
177,51.7413,13165
177,51.7413,12453
177,51.7413,14072
