0,0,82
0,0,19
0,0,18
0,0,45
0,0,35
0,0,43
0,0,42
0,0,26
0,0,25
0,0,37
0,0,40
0,0,25
0,0,52
0,0,38
0,0,28
0,0,41
0,0,30
0,0,28
0,0,35
0,0,47
0,0,40
0,0,30
0,43.8684,23
0,43.8684,35
0,43.8684,29
0,43.8684,24
0,43.8684,40
0,43.8684,42
0,43.8684,42
0,43.8684,37
0,43.8684,39
0,43.8684,44
0,43.8684,43
0,43.8684,42
0,43.8684,41
0,43.8684,40
0,43.8684,25
0,43.8684,27
0,43.8684,39
0,43.8684,41
0,43.8684,41
0,43.8684,68
0,43.8684,84
0,43.8684,31
0,43.8684,42
0,43.8684,41
0,43.8684,57
0,43.8684,30
0,43.8684,42
0,43.8684,40
0,43.8684,41
0,43.8684,41
0,43.8684,40
0,59.9803,41
0,59.9803,29
0,59.9803,29
0,59.9803,41
0,59.9803,41
0,59.9803,42
0,59.9803,40
0,59.9803,45
0,59.9803,43
0,59.9803,24
0,59.9803,31
0,59.9803,23
0,59.9803,41
0,59.9803,41
0,59.9803,44
0,59.9803,42
0,59.9803,42
0,59.9803,42
0,59.9803,44
0,59.9803,41
0,59.9803,42
0,59.9803,42
0,59.9803,42
0,59.9803,42
0,59.9803,42
0,59.9803,57
0,59.9803,25
0,59.9803,32
0,59.9803,42
0,59.9803,40
0,60.576,41
0,60.576,41
0,60.576,41
0,60.576,45
0,60.576,47
0,60.576,25
0,60.576,31
0,60.576,21
0,60.576,39
0,60.576,30
0,60.576,83
0,60.576,24
0,60.576,45
0,60.576,41
0,60.576,41
0,60.576,41
0,60.576,40
0,60.576,39
0,60.576,38
0,60.576,37
0,60.576,34
0,60.576,55
0,60.576,48
0,60.576,32
0,60.576,58
0,60.576,42
0,60.576,33
0,60.576,26
0,60.576,26
0,60.576,30
0,59.7015,25
0,59.7015,41
0,59.7015,41
0,59.7015,20
0,59.7015,31
0,59.7015,35
0,59.7015,42
0,59.7015,41
0,59.7015,42
0,59.7015,42
0,59.7015,45
0,59.7015,24
0,59.7015,41
0,59.7015,42
0,59.7015,41
0,59.7015,41
0,59.7015,40
0,59.7015,40
0,59.7015,42
0,59.7015,42
0,59.7015,42
0,59.7015,42
0,59.7015,47
0,59.7015,42
0,59.7015,41
0,59.7015,41
0,59.7015,32
0,59.7015,25
0,59.7015,37
0,59.7015,25
0,59.7015,30
0,60.2172,22
0,60.2172,20
0,60.2172,38
0,60.2172,27
0,60.2172,34
0,60.2172,63
0,60.2172,28
0,60.2172,30
0,60.2172,26
0,60.2172,35
0,60.2172,40
0,60.2172,43
0,60.2172,42
0,60.2172,53
0,60.2172,25
0,60.2172,25
0,60.2172,43
0,60.2172,41
0,60.2172,40
0,60.2172,44
0,60.2172,23
0,60.2172,64
0,60.2172,20
0,60.2172,35
0,60.2172,29
0,60.2172,23
0,60.2172,42
0,60.2172,43
0,60.2172,23
0,60.2172,23
0,59.8039,66
0,59.8039,44
0,59.8039,29
0,59.8039,36
0,59.8039,26
0,59.8039,34
0,59.8039,24
0,59.8039,26
0,59.8039,36
0,59.8039,41
0,59.8039,41
0,59.8039,38
0,59.8039,37
0,59.8039,26
0,59.8039,49
0,59.8039,27
0,59.8039,25
0,59.8039,21
0,59.8039,24
0,59.8039,29
0,59.8039,48
0,59.8039,41
0,59.8039,50
0,59.8039,46
0,59.8039,20
0,59.8039,20
22,59.8039,17
22,59.8039,71
22,59.8039,35
22,59.8039,43
22,59.1133,54
22,59.1133,49
22,59.1133,45
22,59.1133,43
22,59.1133,66
22,59.1133,53
22,59.1133,54
22,59.1133,44
22,59.1133,54
22,59.1133,43
22,59.1133,39
22,59.1133,48
22,59.1133,77
22,59.1133,40
22,59.1133,59
22,59.1133,47
22,59.1133,47
22,59.1133,46
22,59.1133,46
22,59.1133,39
22,59.1133,55
22,59.1133,41
22,59.1133,47
22,59.1133,55
22,59.1133,43
22,59.1133,50
22,59.1133,46
22,59.1133,51
22,59.1133,48
22,59.1133,52
22,59.1133,43
22,60.0985,41
22,60.0985,52
22,60.0985,49
22,60.0985,36
22,60.0985,41
22,60.0985,45
22,60.0985,57
22,60.0985,45
22,60.0985,42
22,60.0985,57
22,60.0985,51
22,60.0985,46
22,60.0985,54
22,60.0985,42
22,60.0985,53
22,60.0985,53
22,60.0985,46
22,60.0985,44
22,60.0985,49
22,60.0985,42
22,60.0985,51
22,60.0985,61
22,60.0985,62
22,60.0985,47
22,60.0985,46
22,60.0985,49
22,60.0985,46
22,60.0985,47
22,60.0985,57
22,60.0985,47
22,60.0394,48
22,60.0394,59
22,60.0394,52
22,60.0394,61
22,60.0394,47
22,60.0394,45
22,60.0394,45
22,60.0394,57
22,60.0394,42
22,60.0394,47
22,60.0394,45
22,60.0394,52
22,60.0394,48
22,60.0394,114
22,60.0394,36
22,60.0394,41
22,60.0394,44
22,60.0394,68
22,60.0394,42
22,60.0394,50
22,60.0394,50
22,60.0394,46
22,60.0394,56
22,60.0394,51
22,60.0394,45
22,60.0394,64
22,60.0394,40
22,60.0394,47
22,60.0394,35
22,60.0394,45
22,60.0394,43
22,60.0394,39
22,60.0394,41
22,60.0394,33
22,60.0394,42
22,60.0394,40
22,60.0394,35
22,60.0394,38
22,60.0394,34
22,60.0394,40
22,60.0394,41
22,60.0394,43
22,60.0394,44
22,60.0394,66
22,60.0394,38
22,60.0394,42
22,60.0394,43
22,60.0394,41
22,60.0394,42
22,60.0394,40
22,60.0394,40
22,60.0394,33
22,60.0394,39
22,60.0394,50
22,60.0394,53
22,60.0394,39
22,60.0394,41
22,60.0394,43
22,60.0394,55
22,60.0394,42
22,60.0394,26
22,59.9401,41
22,59.9401,21
22,59.9401,42
22,59.9401,48
22,59.9401,71
22,59.9401,40
22,59.9401,43
22,59.9401,39
22,59.9401,41
22,59.9401,36
22,59.9401,43
22,59.9401,18
22,59.9401,45
22,59.9401,30
22,59.9401,44
22,59.9401,35
22,59.9401,41
22,59.9401,19
22,59.9401,59
22,59.9401,38
22,59.9401,69
22,59.9401,59
22,59.9401,38
22,59.9401,34
22,59.9401,39
22,59.9401,45
22,59.9401,54
22,59.9401,77
22,59.9401,26
22,59.9401,37
22,59.9401,41
22,61.0236,49
22,61.0236,45
22,61.0236,53
22,61.0236,42
22,61.0236,58
22,61.0236,40
22,61.0236,42
22,61.0236,19
22,61.0236,57
22,61.0236,33
22,61.0236,49
22,61.0236,22
22,61.0236,64
22,61.0236,25
22,61.0236,22
22,61.0236,61
22,61.0236,47
22,61.0236,24
22,61.0236,38
22,61.0236,48
22,61.0236,22
22,61.0236,18
22,61.0236,21
22,61.0236,23
22,61.0236,32
22,61.0236,27
22,61.0236,61
22,61.0236,50
22,61.0236,43
22,61.0236,43
22,61.0236,46
22,61.0236,55
22,61.0236,52
22,61.0236,48
22,61.0236,51
22,61.0236,46
22,61.0236,63
22,61.0236,59
22,61.0236,58
22,61.0236,43
22,61.0236,40
22,61.0236,37
22,61.0236,39
22,61.0236,47
22,61.0236,41
22,61.0236,102
22,61.0236,48
22,61.0236,39
22,61.0236,37
22,61.0236,44
22,61.0236,34
22,61.0236,44
22,61.0236,45
22,61.0236,40
22,61.0236,41
22,61.0236,61
22,61.0236,58
22,61.0236,42
22,61.0236,59
22,61.0236,44
22,61.0236,42
22,59.9401,53
22,59.9401,53
22,59.9401,74
22,59.9401,51
22,59.9401,47
22,59.9401,54
22,59.9401,22
22,59.9401,53
22,59.9401,55
22,59.9401,42
22,59.9401,22
22,59.9401,62
22,59.9401,56
22,59.9401,47
22,59.9401,54
22,59.9401,74
22,59.9401,61
22,59.9401,51
22,59.9401,57
22,59.9401,48
22,59.9401,39
22,59.9401,45
22,59.9401,38
22,59.9401,45
22,59.9401,42
22,59.9401,43
22,59.9401,50
22,59.9401,65
22,59.9401,51
22,59.9401,47
22,60.0985,44
22,60.0985,46
22,60.0985,49
22,60.0985,46
22,60.0985,43
22,60.0985,40
22,60.0985,39
22,60.0985,42
22,60.0985,37
22,60.0985,39
22,60.0985,33
22,60.0985,42
22,60.0985,36
22,60.0985,44
22,60.0985,44
22,60.0985,41
22,60.0985,42
22,60.0985,47
22,60.0985,42
22,60.0985,44
22,60.0985,40
22,60.0985,38
22,60.0985,39
22,60.0985,45
22,60.0985,33
22,60.0985,40
22,60.0985,32
22,60.0985,39
22,60.0985,40
22,60.0985,42
22,59.8802,42
22,59.8802,39
22,59.8802,41
22,59.8802,39
22,59.8802,40
22,59.8802,32
22,59.8802,33
22,59.8802,39
22,59.8802,41
22,59.8802,50
22,59.8802,59
22,59.8802,53
22,59.8802,43
22,59.8802,41
22,59.8802,39
22,59.8802,39
22,59.8802,45
22,59.8802,43
22,59.8802,42
22,59.8802,40
22,59.8802,36
22,59.8802,41
22,59.8802,41
22,59.8802,41
22,59.8802,47
22,59.8802,23
22,59.8802,60
22,59.8802,46
22,59.8802,46
22,59.8802,43
22,59.8802,49
22,60.0394,46
22,60.0394,47
22,60.0394,41
22,60.0394,42
22,60.0394,51
22,60.0394,48
22,60.0394,47
22,60.0394,45
22,60.0394,46
22,60.0394,40
22,60.0394,59
22,60.0394,50
22,60.0394,48
22,60.0394,53
22,60.0394,48
22,60.0394,41
22,60.0394,53
22,60.0394,52
22,60.0394,55
22,60.0394,44
22,60.0394,46
22,60.0394,44
22,60.0394,35
22,60.0394,38
22,60.0394,43
22,60.0394,51
22,60.0394,42
22,60.0394,38
22,60.0394,52
22,60.0394,60
22,60.0394,46
22,60.0394,51
22,60.0394,57
22,60.0394,28
22,60.0394,49
22,60.0394,40
22,60.0394,47
22,60.0394,48
22,60.0394,52
22,60.0394,44
22,60.0394,40
22,60.0394,38
22,60.0394,39
22,60.0394,38
22,60.0394,33
22,60.0394,46
22,60.0394,47
22,60.0394,44
22,60.0394,46
22,60.0394,44
22,60.0394,75
22,60.0394,48
22,60.0394,49
22,60.0394,45
22,60.0394,42
22,60.0394,36
22,60.0394,42
22,60.0394,59
22,60.0394,43
22,60.0394,40
22,59.9401,41
22,59.9401,45
22,59.9401,46
22,59.9401,49
22,59.9401,50
22,59.9401,44
22,59.9401,43
22,59.9401,49
22,59.9401,46
22,59.9401,49
22,59.9401,49
22,59.9401,42
22,59.9401,62
22,59.9401,44
22,59.9401,33
22,59.9401,60
22,59.9401,21
22,59.9401,49
22,59.9401,23
22,59.9401,21
22,59.9401,36
22,59.9401,22
22,59.9401,37
22,59.9401,24
22,59.9401,23
22,59.9401,26
22,59.9401,63
22,59.9401,23
22,59.9401,41
22,59.9401,19
22,59.9401,60
44,59.9401,24
44,59.9401,21
44,59.9401,27
44,59.9401,22
44,59.9401,21
44,59.9401,23
44,59.9401,18
44,59.9401,21
44,59.9401,59
44,59.9401,50
44,59.9401,61
44,59.9401,57
44,59.9401,59
44,59.9401,42
44,59.9401,21
44,59.9401,60
44,59.9401,63
44,59.9401,51
44,59.9401,51
44,59.9401,37
44,59.9401,23
44,59.9401,19
44,59.9401,34
44,59.9401,67
44,59.9401,48
44,59.9401,43
44,59.9401,39
44,59.9401,58
44,59.9401,39
44,59.9401,43
44,60.844,65
44,60.844,46
44,60.844,40
44,60.844,55
44,60.844,44
44,60.844,50
44,60.844,37
44,60.844,39
44,60.844,42
44,60.844,40
44,60.844,40
44,60.844,44
44,60.844,41
44,60.844,36
44,60.844,43
44,60.844,38
44,60.844,44
44,60.844,36
44,60.844,49
44,60.844,43
44,60.844,47
44,60.844,65
44,60.844,58
44,60.844,58
44,60.844,46
44,60.844,51
44,60.844,60
44,60.844,43
44,60.844,57
44,60.844,49
44,60.844,57
44,60.0985,77
44,60.0985,65
44,60.0985,54
44,60.0985,46
44,60.0985,45
44,60.0985,46
44,60.0985,26
44,60.0985,37
44,60.0985,48
44,60.0985,43
44,60.0985,18
44,60.0985,24
44,60.0985,42
44,60.0985,43
44,60.0985,52
44,60.0985,64
44,60.0985,67
44,60.0985,51
44,60.0985,64
44,60.0985,52
44,60.0985,44
44,60.0985,37
44,60.0985,72
44,60.0985,40
44,60.0985,40
44,60.0985,38
44,60.0985,44
44,60.0985,40
44,60.0985,40
44,60.0985,41
44,60.0394,56
44,60.0394,40
44,60.0394,37
44,60.0394,42
44,60.0394,41
44,60.0394,39
44,60.0394,39
44,60.0394,40
44,60.0394,41
44,60.0394,43
44,60.0394,51
44,60.0394,50
44,60.0394,60
44,60.0394,45
44,60.0394,47
44,60.0394,41
44,60.0394,58
44,60.0394,48
44,60.0394,44
44,60.0394,38
44,60.0394,44
44,60.0394,37
44,60.0394,39
44,60.0394,51
44,60.0394,44
44,60.0394,39
44,60.0394,43
44,60.0394,46
44,60.0394,42
44,60.0394,40
44,60.0394,39
44,60.0394,38
44,60.0394,61
44,60.0394,75
44,60.0394,51
44,60.0394,42
44,60.0394,57
44,60.0394,26
44,60.0394,23
44,60.0394,22
44,60.0394,20
44,60.0394,19
44,60.0394,29
44,60.0394,42
44,60.0394,22
44,60.0394,28
44,60.0394,24
44,60.0394,67
44,60.0394,57
44,60.0394,53
44,60.0394,42
44,60.0394,18
44,60.0394,36
44,60.0394,35
44,60.0394,45
44,60.0394,41
44,60.0394,40
44,60.0394,40
44,60.0394,50
44,60.0394,32
44,60.0394,39
44,60.0394,60
44,60.0394,42
44,63.9361,23
44,63.9361,20
44,63.9361,24
44,63.9361,31
44,63.9361,45
44,63.9361,45
44,63.9361,55
44,63.9361,52
44,63.9361,65
44,63.9361,52
44,63.9361,49
44,63.9361,45
44,63.9361,40
44,63.9361,42
44,63.9361,35
44,63.9361,57
44,63.9361,37
44,63.9361,21
44,63.9361,39
44,63.9361,20
44,63.9361,42
44,63.9361,19
44,63.9361,23
44,63.9361,27
44,63.9361,35
44,63.9361,34
44,63.9361,36
44,63.9361,35
44,63.9361,30
44,63.9361,43
44,63.9361,37
44,63.9361,43
44,63.1164,49
44,63.1164,36
44,63.1164,36
44,63.1164,34
44,63.1164,29
44,63.1164,34
44,63.1164,51
44,63.1164,37
44,63.1164,31
44,63.1164,47
44,63.1164,35
44,63.1164,52
44,63.1164,44
44,63.1164,42
44,63.1164,44
44,63.1164,40
44,63.1164,53
44,63.1164,43
44,63.1164,46
44,63.1164,47
44,63.1164,87
44,63.1164,31
44,63.1164,56
44,63.1164,39
44,63.1164,37
44,63.1164,38
44,63.1164,34
44,63.1164,42
44,63.1164,38
44,63.1164,39
44,59.9401,45
44,59.9401,32
44,59.9401,77
44,59.9401,34
44,59.9401,33
44,59.9401,32
44,59.9401,34
44,59.9401,42
44,59.9401,50
44,59.9401,42
44,59.9401,40
44,59.9401,45
44,59.9401,42
44,59.9401,43
44,59.9401,47
44,59.9401,19
44,59.9401,38
44,59.9401,19
44,59.9401,60
44,59.9401,77
44,59.9401,71
44,59.9401,37
44,59.9401,42
44,59.9401,44
44,59.9401,37
44,59.9401,60
44,59.9401,37
44,59.9401,35
44,59.9401,50
44,59.9401,38
44,59.9401,36
44,61.9469,37
44,61.9469,20
44,61.9469,26
44,61.9469,44
44,61.9469,37
44,61.9469,35
44,61.9469,37
44,61.9469,48
44,61.9469,29
44,61.9469,27
44,61.9469,71
44,61.9469,33
44,61.9469,71
44,61.9469,22
44,61.9469,33
44,61.9469,45
44,61.9469,64
44,61.9469,39
44,61.9469,42
44,61.9469,73
44,61.9469,47
44,61.9469,55
44,61.9469,56
44,61.9469,44
44,61.9469,50
44,61.9469,54
44,61.9469,19
44,61.9469,38
44,61.9469,22
44,61.9469,45
44,61.9469,31
44,61.9469,20
44,61.9469,24
44,61.9469,21
44,61.9469,23
44,69.5825,21
44,69.5825,31
44,69.5825,22
44,69.5825,19
44,69.5825,38
44,69.5825,21
44,69.5825,25
44,69.5825,20
44,69.5825,21
44,69.5825,19
44,69.5825,18
44,69.5825,43
44,69.5825,35
44,69.5825,22
44,69.5825,23
44,69.5825,37
44,69.5825,26
44,69.5825,21
44,69.5825,21
44,69.5825,20
44,69.5825,48
44,69.5825,40
44,69.5825,22
44,69.5825,18
44,69.5825,31
44,69.5825,20
44,69.5825,18
44,69.5825,40
44,69.5825,23
44,69.5825,49
44,69.5825,34
44,69.5825,54
44,69.5825,19
44,69.5825,20
44,69.5825,19
44,69.5825,35
44,70.9291,18
44,70.9291,52
44,70.9291,25
44,70.9291,25
44,70.9291,54
44,70.9291,21
44,70.9291,22
44,70.9291,56
44,70.9291,22
44,70.9291,21
44,70.9291,24
44,70.9291,18
44,70.9291,22
44,70.9291,19
44,70.9291,19
44,70.9291,22
44,70.9291,32
44,70.9291,31
44,70.9291,26
44,70.9291,25
44,70.9291,22
44,70.9291,33
44,70.9291,46
44,70.9291,39
44,70.9291,23
44,70.9291,39
44,70.9291,19
44,70.9291,22
44,70.9291,43
44,70.9291,21
44,70.9291,30
44,70.9291,21
44,70.9291,27
44,70.9291,23
44,70.9291,26
44,70.9291,25
44,71.8504,19
44,71.8504,35
44,71.8504,37
44,71.8504,25
44,71.8504,66
44,71.8504,34
44,71.8504,38
44,71.8504,42
44,71.8504,44
44,71.8504,22
44,71.8504,22
44,71.8504,25
44,71.8504,24
44,71.8504,45
44,71.8504,58
44,71.8504,49
44,71.8504,29
44,71.8504,20
44,71.8504,34
44,71.8504,17
44,71.8504,35
44,71.8504,27
44,71.8504,20
44,71.8504,21
44,71.8504,35
44,71.8504,22
44,71.8504,24
44,71.8504,19
44,71.8504,23
44,71.8504,27
44,71.8504,26
44,71.8504,24
44,71.8504,22
44,71.8504,23
44,71.8504,23
44,71.8504,22
44,71.8504,23
44,73.2673,24
44,73.2673,64
44,73.2673,19
44,73.2673,35
44,73.2673,29
44,73.2673,24
44,73.2673,27
44,73.2673,32
44,73.2673,39
66,73.2673,25
66,73.2673,33
66,73.2673,18
66,73.2673,22
66,73.2673,19
66,73.2673,18
66,73.2673,25
66,73.2673,24
66,73.2673,35
66,73.2673,52
66,73.2673,25
66,73.2673,24
66,73.2673,23
66,73.2673,22
66,73.2673,21
66,73.2673,23
66,73.2673,29
66,73.2673,24
66,73.2673,26
66,55.3907,24
66,55.3907,44
66,55.3907,37
66,55.3907,22
66,55.3907,59
66,55.3907,18
66,55.3907,44
66,55.3907,20
66,55.3907,23
66,55.3907,19
66,55.3907,23
66,55.3907,23
66,55.3907,18
66,55.3907,29
66,55.3907,21
66,55.3907,50
66,55.3907,31
66,55.3907,21
66,55.3907,21
66,55.3907,23
66,55.3907,54
66,55.3907,53
66,55.3907,38
66,55.3907,31
66,55.3907,50
66,55.3907,32
66,55.3907,31
66,55.3907,30
66,55.3907,24
66,55.3907,42
66,55.3907,23
66,55.3907,24
66,55.3907,24
66,55.3907,22
66,66.3366,32
66,66.3366,23
66,66.3366,52
66,66.3366,34
66,66.3366,42
66,66.3366,35
66,66.3366,57
66,66.3366,60
66,66.3366,46
66,66.3366,45
66,66.3366,59
66,66.3366,24
66,66.3366,29
66,66.3366,29
66,66.3366,42
66,66.3366,28
66,66.3366,53
66,66.3366,29
66,66.3366,63
66,66.3366,47
66,66.3366,70
66,66.3366,24
66,66.3366,26
66,66.3366,33
66,66.3366,59
66,66.3366,29
66,66.3366,31
66,66.3366,37
66,66.3366,25
66,66.3366,44
66,66.3366,50
66,60.9636,67
66,60.9636,65
66,60.9636,75
66,60.9636,65
66,60.9636,27
66,60.9636,22
66,60.9636,43
66,60.9636,50
66,60.9636,66
66,60.9636,54
66,60.9636,27
66,60.9636,31
66,60.9636,28
66,60.9636,30
66,60.9636,27
66,60.9636,57
66,60.9636,25
66,60.9636,50
66,60.9636,41
66,60.9636,52
66,60.9636,26
66,60.9636,25
66,60.9636,27
66,60.9636,73
66,60.9636,67
66,60.9636,60
66,60.9636,58
66,60.9636,45
66,60.9636,44
66,60.9636,50
66,60.0985,58
66,60.0985,51
66,60.0985,40
66,60.0985,23
66,60.0985,51
66,60.0985,49
66,60.0985,38
66,60.0985,57
66,60.0985,26
66,60.0985,49
66,60.0985,62
66,60.0985,61
66,60.0985,32
66,60.0985,38
66,60.0985,29
66,60.0985,28
66,60.0985,61
66,60.0985,61
66,60.0985,54
66,60.0985,36
66,60.0985,57
66,60.0985,49
66,60.0985,55
66,60.0985,57
66,60.0985,56
66,60.0985,56
66,60.0985,55
66,60.0985,103
66,60.0985,61
66,60.0985,57
66,60.0985,57
66,60.0394,53
66,60.0394,56
66,60.0394,24
66,60.0394,46
66,60.0394,32
66,60.0394,42
66,60.0394,27
66,60.0394,39
66,60.0394,42
66,60.0394,73
66,60.0394,49
66,60.0394,29
66,60.0394,35
66,60.0394,74
66,60.0394,61
66,60.0394,42
66,60.0394,31
66,60.0394,34
66,60.0394,65
66,60.0394,29
66,60.0394,46
66,60.0394,27
66,60.0394,28
66,60.0394,53
66,60.0394,52
66,60.0394,59
66,60.0394,34
66,60.0394,21
66,60.0394,39
66,60.0394,41
66,59.9803,47
66,59.9803,48
66,59.9803,42
66,59.9803,55
66,59.9803,34
66,59.9803,56
66,59.9803,32
66,59.9803,37
66,59.9803,65
66,59.9803,46
66,59.9803,60
66,59.9803,35
66,59.9803,33
66,59.9803,71
66,59.9803,35
66,59.9803,60
66,59.9803,62
66,59.9803,45
66,59.9803,75
66,59.9803,38
66,59.9803,52
66,59.9803,28
66,59.9803,27
66,59.9803,40
66,59.9803,71
66,59.9803,39
66,59.9803,32
66,59.9803,42
66,59.9803,59
66,59.9803,42
66,59.9803,61
66,60.0985,31
66,60.0985,30
66,60.0985,47
66,60.0985,54
66,60.0985,40
66,60.0985,31
66,60.0985,25
66,60.0985,58
66,60.0985,62
66,60.0985,45
66,60.0985,58
66,60.0985,24
66,60.0985,33
66,60.0985,52
66,60.0985,25
66,60.0985,19
66,60.0985,21
66,60.0985,45
66,60.0985,39
66,60.0985,60
66,60.0985,28
66,60.0985,37
66,60.0985,46
66,60.0985,41
66,60.0985,50
66,60.0985,26
66,60.0985,27
66,60.0985,45
66,60.0985,44
66,60.0985,77
66,59.9401,45
66,59.9401,55
66,59.9401,47
66,59.9401,57
66,59.9401,31
66,59.9401,77
66,59.9401,75
66,59.9401,47
66,59.9401,40
66,59.9401,53
66,59.9401,35
66,59.9401,32
66,59.9401,39
66,59.9401,48
66,59.9401,45
66,59.9401,29
66,59.9401,45
66,59.9401,47
66,59.9401,59
66,59.9401,60
66,59.9401,27
66,59.9401,46
66,59.9401,50
66,59.9401,37
66,59.9401,53
66,59.9401,25
66,59.9401,49
66,59.9401,95
66,59.9401,39
66,59.9401,63
66,59.8039,50
66,59.8039,35
66,59.8039,52
66,59.8039,26
66,59.8039,45
66,59.8039,49
66,59.8039,42
66,59.8039,60
66,59.8039,48
66,59.8039,43
66,59.8039,24
66,59.8039,32
66,59.8039,65
66,59.8039,48
66,59.8039,42
66,59.8039,24
66,59.8039,26
66,59.8039,51
66,59.8039,25
66,59.8039,49
66,59.8039,51
66,59.8039,33
66,59.8039,56
66,59.8039,36
66,59.8039,43
66,59.8039,40
66,59.8039,23
66,59.8039,66
66,59.8039,46
66,59.8039,45
66,59.8039,33
66,60.0394,27
66,60.0394,49
66,60.0394,34
66,60.0394,55
66,60.0394,49
66,60.0394,35
66,60.0394,56
66,60.0394,66
66,60.0394,73
66,60.0394,45
66,60.0394,53
66,60.0394,67
66,60.0394,66
66,60.0394,35
66,60.0394,51
66,60.0394,36
66,60.0394,49
66,60.0394,37
66,60.0394,45
66,60.0394,31
66,60.0394,36
66,60.0394,42
66,60.0394,23
66,60.0394,47
66,60.0394,60
66,60.0394,67
66,60.0394,48
66,60.0394,59
66,60.0394,37
66,60.0394,25
66,60.0985,26
66,60.0985,63
66,60.0985,58
66,60.0985,55
66,60.0985,55
66,60.0985,57
66,60.0985,51
66,60.0985,56
66,60.0985,44
66,60.0985,65
66,60.0985,34
66,60.0985,58
66,60.0985,44
66,60.0985,42
66,60.0985,75
66,60.0985,28
66,60.0985,44
66,60.0985,53
66,60.0985,42
66,60.0985,47
66,60.0985,26
66,60.0985,35
66,60.0985,42
66,60.0985,43
66,60.0985,58
66,60.0985,65
66,60.0985,62
66,60.0985,49
66,60.0985,40
66,60.0985,32
66,60.0985,29
66,59.9803,49
66,59.9803,38
66,59.9803,22
66,59.9803,56
66,59.9803,37
66,59.9803,44
66,59.9803,39
66,59.9803,46
66,59.9803,59
66,59.9803,38
66,59.9803,53
66,59.9803,60
66,59.9803,56
66,59.9803,78
66,59.9803,29
66,59.9803,62
66,59.9803,47
66,59.9803,44
66,59.9803,59
66,59.9803,45
66,59.9803,42
66,59.9803,46
66,59.9803,55
66,59.9803,52
66,59.9803,63
66,59.9803,41
66,59.9803,34
66,59.9803,40
66,59.9803,52
66,59.9803,58
66,59.9401,44
66,59.9401,56
66,59.9401,55
66,59.9401,38
66,59.9401,28
66,59.9401,48
66,59.9401,42
66,59.9401,41
66,59.9401,68
66,59.9401,44
66,59.9401,41
66,59.9401,37
88,59.9401,24
88,59.9401,38
88,59.9401,21
88,59.9401,45
88,59.9401,42
88,59.9401,52
88,59.9401,37
88,59.9401,49
88,59.9401,37
88,59.9401,45
88,59.9401,47
88,59.9401,56
88,59.9401,48
88,59.9401,63
88,59.9401,42
88,59.9401,51
88,59.9401,50
88,58.0138,45
88,58.0138,61
88,58.0138,46
88,58.0138,61
88,58.0138,53
88,58.0138,48
88,58.0138,66
88,58.0138,51
88,58.0138,41
88,58.0138,30
88,58.0138,58
88,58.0138,57
88,58.0138,49
88,58.0138,30
88,58.0138,53
88,58.0138,51
88,58.0138,49
88,58.0138,42
88,58.0138,44
88,58.0138,68
88,58.0138,51
88,58.0138,45
88,58.0138,50
88,58.0138,71
88,58.0138,33
88,58.0138,63
88,58.0138,78
88,58.0138,110
88,58.0138,57
88,58.0138,56
88,58.0138,42
88,60.1578,45
88,60.1578,50
88,60.1578,35
88,60.1578,37
88,60.1578,49
88,60.1578,51
88,60.1578,60
88,60.1578,24
88,60.1578,56
88,60.1578,53
88,60.1578,35
88,60.1578,39
88,60.1578,41
88,60.1578,52
88,60.1578,45
88,60.1578,42
88,60.1578,45
88,60.1578,64
88,60.1578,40
88,60.1578,57
88,60.1578,38
88,60.1578,57
88,60.1578,46
88,60.1578,53
88,60.1578,38
88,60.1578,42
88,60.1578,51
88,60.1578,39
88,60.1578,48
88,60.1578,38
88,59.9803,41
88,59.9803,59
88,59.9803,115
88,59.9803,81
88,59.9803,48
88,59.9803,49
88,59.9803,43
88,59.9803,66
88,59.9803,47
88,59.9803,42
88,59.9803,48
88,59.9803,41
88,59.9803,44
88,59.9803,54
88,59.9803,45
88,59.9803,53
88,59.9803,43
88,59.9803,57
88,59.9803,59
88,59.9803,44
88,59.9803,39
88,59.9803,38
88,59.9803,67
88,59.9803,30
88,59.9803,75
88,59.9803,75
88,59.9803,39
88,59.9803,50
88,59.9803,63
88,59.9803,36
88,59.9803,44
88,59.8626,48
88,59.8626,49
88,59.8626,51
88,59.8626,63
88,59.8626,43
88,59.8626,51
88,59.8626,73
88,59.8626,48
88,59.8626,41
88,59.8626,42
88,59.8626,48
88,59.8626,70
88,59.8626,58
88,59.8626,91
88,59.8626,60
88,59.8626,35
88,59.8626,53
88,59.8626,56
88,59.8626,42
88,59.8626,45
88,59.8626,44
88,59.8626,69
88,59.8626,43
88,59.8626,47
88,59.8626,74
88,59.8626,44
88,59.8626,47
88,59.8626,25
88,59.8626,53
88,59.8626,50
88,60.1578,67
88,60.1578,64
88,60.1578,49
88,60.1578,40
88,60.1578,42
88,60.1578,46
88,60.1578,47
88,60.1578,47
88,60.1578,54
88,60.1578,63
88,60.1578,30
88,60.1578,39
88,60.1578,52
88,60.1578,42
88,60.1578,43
88,60.1578,36
88,60.1578,37
88,60.1578,42
88,60.1578,41
88,60.1578,44
88,60.1578,46
88,60.1578,50
88,60.1578,40
88,60.1578,50
88,60.1578,50
88,60.1578,49
88,60.1578,50
88,60.1578,60
88,60.1578,50
88,60.1578,83
88,60.1578,47
88,60.0394,68
88,60.0394,56
88,60.0394,55
88,60.0394,45
88,60.0394,46
88,60.0394,50
88,60.0394,45
88,60.0394,44
88,60.0394,42
88,60.0394,45
88,60.0394,45
88,60.0394,45
88,60.0394,49
88,60.0394,39
88,60.0394,73
88,60.0394,59
88,60.0394,40
88,60.0394,32
88,60.0394,39
88,60.0394,45
88,60.0394,43
88,60.0394,43
88,60.0394,41
88,60.0394,40
88,60.0394,37
88,60.0394,39
88,60.0394,43
88,60.0394,45
88,60.0394,46
88,60.0394,48
88,59.9803,40
88,59.9803,41
88,59.9803,43
88,59.9803,73
88,59.9803,49
88,59.9803,38
88,59.9803,42
88,59.9803,55
88,59.9803,50
88,59.9803,41
88,59.9803,41
88,59.9803,37
88,59.9803,40
88,59.9803,27
88,59.9803,46
88,59.9803,43
88,59.9803,35
88,59.9803,45
88,59.9803,45
88,59.9803,39
88,59.9803,42
88,59.9803,45
88,59.9803,43
88,59.9803,49
88,59.9803,44
88,59.9803,48
88,59.9803,41
88,59.9803,41
88,59.9803,40
88,59.9803,49
88,59.8802,40
88,59.8802,32
88,59.8802,39
88,59.8802,48
88,59.8802,35
88,59.8802,59
88,59.8802,48
88,59.8802,39
88,59.8802,45
88,59.8802,42
88,59.8802,42
88,59.8802,41
88,59.8802,43
88,59.8802,40
88,59.8802,42
88,59.8802,40
88,59.8802,35
88,59.8802,34
88,59.8802,38
88,59.8802,36
88,59.8802,39
88,59.8802,47
88,59.8802,41
88,59.8802,47
88,59.8802,47
88,59.8802,36
88,59.8802,37
88,59.8802,42
88,59.8802,40
88,59.8802,47
88,59.8802,36
88,60.2172,41
88,60.2172,36
88,60.2172,55
88,60.2172,36
88,60.2172,38
88,60.2172,50
88,60.2172,51
88,60.2172,44
88,60.2172,46
88,60.2172,43
88,60.2172,39
88,60.2172,39
88,60.2172,48
88,60.2172,42
88,60.2172,46
88,60.2172,39
88,60.2172,34
88,60.2172,41
88,60.2172,46
88,60.2172,40
88,60.2172,43
88,60.2172,42
88,60.2172,43
88,60.2172,44
88,60.2172,43
88,60.2172,42
88,60.2172,40
88,60.2172,41
88,60.2172,38
88,60.2172,39
88,59.9401,41
88,59.9401,41
88,59.9401,36
88,59.9401,44
88,59.9401,32
88,59.9401,42
88,59.9401,39
88,59.9401,37
88,59.9401,41
88,59.9401,37
88,59.9401,40
88,59.9401,38
88,59.9401,37
88,59.9401,45
88,59.9401,44
88,59.9401,37
88,59.9401,49
88,59.9401,39
88,59.9401,45
88,59.9401,45
88,59.9401,74
88,59.9401,67
88,59.9401,72
88,59.9401,48
88,59.9401,37
88,59.9401,32
88,59.9401,40
88,59.9401,38
88,59.9401,56
88,59.9401,52
88,59.8205,50
88,59.8205,96
88,59.8205,43
88,59.8205,52
88,59.8205,50
88,59.8205,39
88,59.8205,44
88,59.8205,49
88,59.8205,42
88,59.8205,46
88,59.8205,43
88,59.8205,39
88,59.8205,52
88,59.8205,41
88,59.8205,40
88,59.8205,36
88,59.8205,30
88,59.8205,39
88,59.8205,40
88,59.8205,39
88,59.8205,48
88,59.8205,42
88,59.8205,41
88,59.8205,39
88,59.8205,67
88,59.8205,38
88,59.8205,91
88,59.8205,41
88,59.8205,39
88,59.8205,41
88,60.2172,38
88,60.2172,42
88,60.2172,75
88,60.2172,86
88,60.2172,51
88,60.2172,45
88,60.2172,48
88,60.2172,52
88,60.2172,91
88,60.2172,58
88,60.2172,46
88,60.2172,42
88,60.2172,46
88,60.2172,48
88,60.2172,44
88,60.2172,45
88,60.2172,46
88,60.2172,48
88,60.2172,46
88,60.2172,48
88,60.2172,45
88,60.2172,24
88,60.2172,56
88,60.2172,59
88,60.2172,48
88,60.2172,50
88,60.2172,43
88,60.2172,55
88,60.2172,22
88,60.2172,35
88,60.2172,51
88,59.9214,46
88,59.9214,37
88,59.9214,36
88,59.9214,50
88,59.9214,38
88,59.9214,43
88,59.9214,44
88,59.9214,42
88,59.9214,42
88,59.9214,49
88,59.9214,47
88,59.9214,41
88,59.9214,45
88,59.9214,45
88,59.9214,41
88,59.9214,50
88,59.9214,46
88,59.9214,43
110,59.9214,20
110,59.9214,38
110,59.9214,28
110,59.9214,40
110,59.9214,54
110,59.9214,52
110,59.9214,57
110,59.9214,52
110,59.9214,58
110,59.9214,54
110,59.9214,58
110,58.0138,64
110,58.0138,55
110,58.0138,54
110,58.0138,34
110,58.0138,39
110,58.0138,57
110,58.0138,64
110,58.0138,35
110,58.0138,43
110,58.0138,45
110,58.0138,41
110,58.0138,40
110,58.0138,33
110,58.0138,43
110,58.0138,44
110,58.0138,45
110,58.0138,40
110,58.0138,44
110,58.0138,42
110,58.0138,43
110,58.0138,35
110,58.0138,40
110,58.0138,47
110,58.0138,42
110,58.0138,37
110,58.0138,47
110,58.0138,46
110,58.0138,46
110,58.0138,44
110,58.0138,34
110,58.0138,45
110,59.9214,41
110,59.9214,37
110,59.9214,36
110,59.9214,44
110,59.9214,51
110,59.9214,41
110,59.9214,45
110,59.9214,31
110,59.9214,89
110,59.9214,69
110,59.9214,55
110,59.9214,57
110,59.9214,48
110,59.9214,47
110,59.9214,36
110,59.9214,46
110,59.9214,46
110,59.9214,44
110,59.9214,48
110,59.9214,45
110,59.9214,43
110,59.9214,41
110,59.9214,41
110,59.9214,36
110,59.9214,39
110,59.9214,36
110,59.9214,33
110,59.9214,37
110,59.9214,41
110,59.9214,35
110,60.2172,42
110,60.2172,35
110,60.2172,45
110,60.2172,39
110,60.2172,40
110,60.2172,33
110,60.2172,39
110,60.2172,50
110,60.2172,42
110,60.2172,37
110,60.2172,51
110,60.2172,43
110,60.2172,46
110,60.2172,38
110,60.2172,43
110,60.2172,35
110,60.2172,40
110,60.2172,36
110,60.2172,44
110,60.2172,43
110,60.2172,43
110,60.2172,43
110,60.2172,43
110,60.2172,43
110,60.2172,44
110,60.2172,45
110,60.2172,49
110,60.2172,35
110,60.2172,47
110,60.2172,43
110,60.2172,23
110,59.9214,66
110,59.9214,46
110,59.9214,73
110,59.9214,66
110,59.9214,54
110,59.9214,50
110,59.9214,34
110,59.9214,66
110,59.9214,50
110,59.9214,43
110,59.9214,47
110,59.9214,42
110,59.9214,45
110,59.9214,40
110,59.9214,41
110,59.9214,42
110,59.9214,42
110,59.9214,34
110,59.9214,34
110,59.9214,34
110,59.9214,52
110,59.9214,43
110,59.9214,45
110,59.9214,36
110,59.9214,39
110,59.9214,43
110,59.9214,50
110,59.9214,69
110,59.9214,39
110,59.9214,50
110,59.8205,35
110,59.8205,47
110,59.8205,44
110,59.8205,53
110,59.8205,44
110,59.8205,48
110,59.8205,38
110,59.8205,34
110,59.8205,43
110,59.8205,33
110,59.8205,41
110,59.8205,39
110,59.8205,38
110,59.8205,38
110,59.8205,39
110,59.8205,34
110,59.8205,36
110,59.8205,41
110,59.8205,42
110,59.8205,43
110,59.8205,41
110,59.8205,42
110,59.8205,45
110,59.8205,40
110,59.8205,43
110,59.8205,40
110,59.8205,43
110,59.8205,48
110,59.8205,44
110,59.8205,42
110,60.2767,44
110,60.2767,34
110,60.2767,48
110,60.2767,43
110,60.2767,42
110,60.2767,47
110,60.2767,43
110,60.2767,43
110,60.2767,42
110,60.2767,43
110,60.2767,43
110,60.2767,38
110,60.2767,44
110,60.2767,42
110,60.2767,43
110,60.2767,43
110,60.2767,43
110,60.2767,34
110,60.2767,43
110,60.2767,36
110,60.2767,38
110,60.2767,46
110,60.2767,42
110,60.2767,39
110,60.2767,39
110,60.2767,41
110,60.2767,39
110,60.2767,41
110,60.2767,43
110,60.2767,33
110,59.761,39
110,59.761,36
110,59.761,43
110,59.761,46
110,59.761,43
110,59.761,37
110,59.761,42
110,59.761,43
110,59.761,41
110,59.761,46
110,59.761,43
110,59.761,48
110,59.761,44
110,59.761,45
110,59.761,49
110,59.761,42
110,59.761,42
110,59.761,39
110,59.761,39
110,59.761,40
110,59.761,41
110,59.761,42
110,59.761,42
110,59.761,36
110,59.761,36
110,59.761,42
110,59.761,40
110,59.761,36
110,59.761,35
110,59.761,38
110,59.9401,39
110,59.9401,37
110,59.9401,40
110,59.9401,38
110,59.9401,31
110,59.9401,63
110,59.9401,53
110,59.9401,56
110,59.9401,53
110,59.9401,58
110,59.9401,50
110,59.9401,26
110,59.9401,43
110,59.9401,52
110,59.9401,49
110,59.9401,45
110,59.9401,51
110,59.9401,46
110,59.9401,48
110,59.9401,73
110,59.9401,45
110,59.9401,49
110,59.9401,57
110,59.9401,40
110,59.9401,57
110,59.9401,61
110,59.9401,21
110,59.9401,57
110,59.9401,75
110,59.9401,53
110,59.9401,52
110,60.1578,72
110,60.1578,44
110,60.1578,46
110,60.1578,47
110,60.1578,40
110,60.1578,53
110,60.1578,47
110,60.1578,52
110,60.1578,44
110,60.1578,29
110,60.1578,70
110,60.1578,47
110,60.1578,35
110,60.1578,36
110,60.1578,63
110,60.1578,46
110,60.1578,53
110,60.1578,63
110,60.1578,40
110,60.1578,36
110,60.1578,47
110,60.1578,40
110,60.1578,48
110,60.1578,36
110,60.1578,38
110,60.1578,37
110,60.1578,47
110,60.1578,40
110,60.1578,36
110,60.1578,45
110,60.0394,37
110,60.0394,42
110,60.0394,45
110,60.0394,45
110,60.0394,35
110,60.0394,38
110,60.0394,35
110,60.0394,53
110,60.0394,23
110,60.0394,55
110,60.0394,49
110,60.0394,51
110,60.0394,56
110,60.0394,45
110,60.0394,41
110,60.0394,46
110,60.0394,43
110,60.0394,58
110,60.0394,47
110,60.0394,37
110,60.0394,46
110,60.0394,40
110,60.0394,39
110,60.0394,45
110,60.0394,42
110,60.0394,38
110,60.0394,43
110,60.0394,40
110,60.0394,43
110,60.0394,38
110,59.8205,39
110,59.8205,38
110,59.8205,40
110,59.8205,35
110,59.8205,45
110,59.8205,47
110,59.8205,47
110,59.8205,45
110,59.8205,53
110,59.8205,44
110,59.8205,49
110,59.8205,37
110,59.8205,37
110,59.8205,39
110,59.8205,40
110,59.8205,35
110,59.8205,39
110,59.8205,37
110,59.8205,39
110,59.8205,38
110,59.8205,41
110,59.8205,43
110,59.8205,40
110,59.8205,37
110,59.8205,41
110,59.8205,45
110,59.8205,42
110,59.8205,41
110,59.8205,43
110,59.8205,37
110,59.9401,43
110,59.9401,47
110,59.9401,46
110,59.9401,43
110,59.9401,39
110,59.9401,36
110,59.9401,38
110,59.9401,34
110,59.9401,39
110,59.9401,36
110,59.9401,36
110,59.9401,42
110,59.9401,52
110,59.9401,37
110,59.9401,34
110,59.9401,39
110,59.9401,40
110,59.9401,42
110,59.9401,38
110,59.9401,44
110,59.9401,39
110,59.9401,41
110,59.9401,45
110,59.9401,39
110,59.9401,41
110,59.9401,49
110,59.9401,43
110,59.9401,35
110,59.9401,43
110,59.9401,35
110,59.9401,41
110,60.2767,34
110,60.2767,40
110,60.2767,43
110,60.2767,46
110,60.2767,42
110,60.2767,71
110,60.2767,45
110,60.2767,59
110,60.2767,60
110,60.2767,30
110,60.2767,56
110,60.2767,36
110,60.2767,29
110,60.2767,49
110,60.2767,44
110,60.2767,47
110,60.2767,41
110,60.2767,38
110,60.2767,52
110,60.2767,44
110,60.2767,41
110,60.2767,37
110,60.2767,38
110,60.2767,43
110,60.2767,41
132,60.2767,27
132,60.2767,23
132,60.2767,38
132,60.2767,51
132,58.1854,20
132,58.1854,23
132,58.1854,58
132,58.1854,42
132,58.1854,54
132,58.1854,41
132,58.1854,41
132,58.1854,34
132,58.1854,43
132,58.1854,39
132,58.1854,46
132,58.1854,43
132,58.1854,46
132,58.1854,49
132,58.1854,38
132,58.1854,34
132,58.1854,46
132,58.1854,47
132,58.1854,38
132,58.1854,37
132,58.1854,42
132,58.1854,36
132,58.1854,39
132,58.1854,38
132,58.1854,43
132,58.1854,40
132,58.1854,41
132,58.1854,44
132,58.1854,45
132,58.1854,40
132,58.1854,43
132,60.6362,44
132,60.6362,34
132,60.6362,40
132,60.6362,50
132,60.6362,45
132,60.6362,40
132,60.6362,39
132,60.6362,35
132,60.6362,38
132,60.6362,38
132,60.6362,40
132,60.6362,44
132,60.6362,43
132,60.6362,44
132,60.6362,37
132,60.6362,42
132,60.6362,41
132,60.6362,44
132,60.6362,47
132,60.6362,42
132,60.6362,48
132,60.6362,33
132,60.6362,43
132,60.6362,49
132,60.6362,47
132,60.6362,44
132,60.6362,48
132,60.6362,38
132,60.6362,41
132,60.6362,37
132,59.9803,38
132,59.9803,39
132,59.9803,24
132,59.9803,29
132,59.9803,35
132,59.9803,39
132,59.9803,44
132,59.9803,39
132,59.9803,34
132,59.9803,47
132,59.9803,42
132,59.9803,42
132,59.9803,45
132,59.9803,46
132,59.9803,41
132,59.9803,44
132,59.9803,40
132,59.9803,41
132,59.9803,46
132,59.9803,44
132,59.9803,42
132,59.9803,45
132,59.9803,40
132,59.9803,43
132,59.9803,48
132,59.9803,44
132,59.9803,43
132,59.9803,45
132,59.9803,41
132,59.9803,41
132,59.9803,42
132,60.2172,40
132,60.2172,42
132,60.2172,60
132,60.2172,42
132,60.2172,41
132,60.2172,55
132,60.2172,47
132,60.2172,39
132,60.2172,33
132,60.2172,46
132,60.2172,32
132,60.2172,53
132,60.2172,44
132,60.2172,39
132,60.2172,42
132,60.2172,41
132,60.2172,42
132,60.2172,44
132,60.2172,47
132,60.2172,44
132,60.2172,48
132,60.2172,40
132,60.2172,43
132,60.2172,42
132,60.2172,43
132,60.2172,39
132,60.2172,42
132,60.2172,45
132,60.2172,40
132,60.2172,44
132,59.8039,39
132,59.8039,40
132,59.8039,42
132,59.8039,47
132,59.8039,42
132,59.8039,34
132,59.8039,40
132,59.8039,37
132,59.8039,40
132,59.8039,37
132,59.8039,36
132,59.8039,44
132,59.8039,45
132,59.8039,47
132,59.8039,37
132,59.8039,52
132,59.8039,28
132,59.8039,42
132,59.8039,45
132,59.8039,40
132,59.8039,40
132,59.8039,45
132,59.8039,46
132,59.8039,43
132,59.8039,40
132,59.8039,44
132,59.8039,42
132,59.8039,36
132,59.8039,41
132,59.8039,40
132,59.8039,39
132,60.2172,55
132,60.2172,39
132,60.2172,39
132,60.2172,39
132,60.2172,40
132,60.2172,43
132,60.2172,41
132,60.2172,42
132,60.2172,42
132,60.2172,34
132,60.2172,47
132,60.2172,42
132,60.2172,66
132,60.2172,42
132,60.2172,41
132,60.2172,39
132,60.2172,44
132,60.2172,34
132,60.2172,39
132,60.2172,35
132,60.2172,41
132,60.2172,39
132,60.2172,47
132,60.2172,53
132,60.2172,35
132,60.2172,38
132,60.2172,43
132,60.2172,43
132,60.2172,47
132,60.2172,39
132,59.761,41
132,59.761,48
132,59.761,42
132,59.761,44
132,59.761,46
132,59.761,46
132,59.761,41
132,59.761,45
132,59.761,44
132,59.761,40
132,59.761,41
132,59.761,39
132,59.761,43
132,59.761,39
132,59.761,39
132,59.761,34
132,59.761,43
132,59.761,36
132,59.761,37
132,59.761,20
132,59.761,44
132,59.761,42
132,59.761,37
132,59.761,46
132,59.761,44
132,59.761,45
132,59.761,44
132,59.761,41
132,59.761,40
132,59.761,46
132,60.2767,42
132,60.2767,46
132,60.2767,53
132,60.2767,38
132,60.2767,42
132,60.2767,39
132,60.2767,39
132,60.2767,39
132,60.2767,41
132,60.2767,38
132,60.2767,42
132,60.2767,32
132,60.2767,39
132,60.2767,38
132,60.2767,47
132,60.2767,43
132,60.2767,38
132,60.2767,36
132,60.2767,40
132,60.2767,39
132,60.2767,45
132,60.2767,42
132,60.2767,40
132,60.2767,41
132,60.2767,40
132,60.2767,41
132,60.2767,38
132,60.2767,52
132,60.2767,42
132,60.2767,60
132,59.9401,23
132,59.9401,46
132,59.9401,39
132,59.9401,46
132,59.9401,44
132,59.9401,42
132,59.9401,43
132,59.9401,41
132,59.9401,34
132,59.9401,36
132,59.9401,43
132,59.9401,43
132,59.9401,50
132,59.9401,37
132,59.9401,41
132,59.9401,61
132,59.9401,38
132,59.9401,43
132,59.9401,46
132,59.9401,39
132,59.9401,46
132,59.9401,35
132,59.9401,41
132,59.9401,44
132,59.9401,52
132,59.9401,44
132,59.9401,48
132,59.9401,41
132,59.9401,42
132,59.9401,45
132,59.9401,38
132,59.9803,40
132,59.9803,39
132,59.9803,34
132,59.9803,40
132,59.9803,36
132,59.9803,38
132,59.9803,42
132,59.9803,42
132,59.9803,39
132,59.9803,39
132,59.9803,42
132,59.9803,43
132,59.9803,39
132,59.9803,41
132,59.9803,39
132,59.9803,39
132,59.9803,41
132,59.9803,41
132,59.9803,44
132,59.9803,39
132,59.9803,51
132,59.9803,53
132,59.9803,44
132,59.9803,52
132,59.9803,58
132,59.9803,48
132,59.9803,45
132,59.9803,43
132,59.9803,47
132,59.9803,41
132,59.8205,41
132,59.8205,38
132,59.8205,42
132,59.8205,39
132,59.8205,40
132,59.8205,35
132,59.8205,37
132,59.8205,41
132,59.8205,38
132,59.8205,42
132,59.8205,45
132,59.8205,37
132,59.8205,42
132,59.8205,44
132,59.8205,40
132,59.8205,41
132,59.8205,44
132,59.8205,46
132,59.8205,42
132,59.8205,40
132,59.8205,43
132,59.8205,43
132,59.8205,41
132,59.8205,37
132,59.8205,41
132,59.8205,57
132,59.8205,43
132,59.8205,43
132,59.8205,38
132,59.8205,43
132,59.9803,40
132,59.9803,40
132,59.9803,42
132,59.9803,42
132,59.9803,38
132,59.9803,39
132,59.9803,39
132,59.9803,37
132,59.9803,46
132,59.9803,43
132,59.9803,47
132,59.9803,41
132,59.9803,41
132,59.9803,32
132,59.9803,46
132,59.9803,43
132,59.9803,43
132,59.9803,44
132,59.9803,42
132,59.9803,39
132,59.9803,35
132,59.9803,29
132,59.9803,43
132,59.9803,45
132,59.9803,39
132,59.9803,41
132,59.9803,46
132,59.9803,38
132,59.9803,43
132,59.9803,40
132,59.9803,39
132,60.2172,38
132,60.2172,45
132,60.2172,44
132,60.2172,37
132,60.2172,47
132,60.2172,41
132,60.2172,38
132,60.2172,40
132,60.2172,38
132,60.2172,40
132,60.2172,39
132,60.2172,37
132,60.2172,41
132,60.2172,40
132,60.2172,44
132,60.2172,42
132,60.2172,39
132,60.2172,36
132,60.2172,38
132,60.2172,40
132,60.2172,39
132,60.2172,35
132,60.2172,38
132,60.2172,39
132,60.2172,41
132,60.2172,37
132,60.2172,40
132,60.2172,66
132,60.2172,42
132,60.2172,43
132,59.8205,40
154,59.8205,21
154,59.8205,46
154,59.8205,37
154,59.8205,41
154,59.8205,42
154,59.8205,40
154,59.8205,42
154,59.8205,44
154,59.8205,39
154,59.8205,39
154,59.8205,37
154,59.8205,40
154,59.8205,40
154,59.8205,43
154,59.8205,40
154,59.8205,40
154,59.8205,39
154,59.8205,39
154,59.8205,34
154,59.8205,40
154,59.8205,35
154,59.8205,38
154,59.8205,45
154,59.8205,44
154,59.8205,59
154,59.8205,38
154,59.8205,41
154,56.213,37
154,56.213,41
154,56.213,40
154,56.213,37
154,56.213,42
154,56.213,45
154,56.213,39
154,56.213,29
154,56.213,38
154,56.213,37
154,56.213,43
154,56.213,35
154,56.213,43
154,56.213,42
154,56.213,42
154,56.213,45
154,56.213,48
154,56.213,39
154,56.213,40
154,56.213,40
154,56.213,34
154,56.213,40
154,56.213,38
154,56.213,38
154,56.213,42
154,56.213,43
154,56.213,39
154,56.213,38
154,56.213,37
154,56.213,43
154,56.213,39
154,60.0394,42
154,60.0394,51
154,60.0394,36
154,60.0394,45
154,60.0394,43
154,60.0394,42
154,60.0394,41
154,60.0394,43
154,60.0394,39
154,60.0394,36
154,60.0394,39
154,60.0394,34
154,60.0394,44
154,60.0394,41
154,60.0394,43
154,60.0394,44
154,60.0394,43
154,60.0394,34
154,60.0394,43
154,60.0394,35
154,60.0394,40
154,60.0394,41
154,60.0394,39
154,60.0394,42
154,60.0394,40
154,60.0394,38
154,60.0394,40
154,60.0394,37
154,60.0394,45
154,60.0394,42
154,59.761,39
154,59.761,56
154,59.761,40
154,59.761,34
154,59.761,44
154,59.761,32
154,59.761,43
154,59.761,40
154,59.761,48
154,59.761,21
154,59.761,43
154,59.761,44
154,59.761,39
154,59.761,46
154,59.761,40
154,59.761,38
154,59.761,39
154,59.761,42
154,59.761,41
154,59.761,38
154,59.761,36
154,59.761,40
154,59.761,42
154,59.761,42
154,59.761,46
154,59.761,43
154,59.761,44
154,59.761,39
154,59.761,49
154,59.761,44
154,60.2767,36
154,60.2767,46
154,60.2767,42
154,60.2767,43
154,60.2767,47
154,60.2767,60
154,60.2767,35
154,60.2767,43
154,60.2767,44
154,60.2767,43
154,60.2767,40
154,60.2767,36
154,60.2767,42
154,60.2767,37
154,60.2767,37
154,60.2767,55
154,60.2767,33
154,60.2767,41
154,60.2767,47
154,60.2767,41
154,60.2767,46
154,60.2767,46
154,60.2767,40
154,60.2767,44
154,60.2767,44
154,60.2767,39
154,60.2767,46
154,60.2767,51
154,60.2767,42
154,60.2767,46
154,60.2767,39
154,59.9214,63
154,59.9214,42
154,59.9214,35
154,59.9214,41
154,59.9214,38
154,59.9214,45
154,59.9214,42
154,59.9214,42
154,59.9214,33
154,59.9214,43
154,59.9214,39
154,59.9214,51
154,59.9214,44
154,59.9214,37
154,59.9214,42
154,59.9214,43
154,59.9214,32
154,59.9214,43
154,59.9214,21
154,59.9214,28
154,59.9214,35
154,59.9214,38
154,59.9214,35
154,59.9214,37
154,59.9214,38
154,59.9214,60
154,59.9214,52
154,59.9214,49
154,59.9214,31
154,59.9214,43
154,59.9214,35
154,61.0236,34
154,61.0236,54
154,61.0236,44
154,61.0236,44
154,61.0236,37
154,61.0236,41
154,61.0236,44
154,61.0236,40
154,61.0236,46
154,61.0236,46
154,61.0236,39
154,61.0236,47
154,61.0236,43
154,61.0236,41
154,61.0236,41
154,61.0236,55
154,61.0236,37
154,61.0236,44
154,61.0236,30
154,61.0236,47
154,61.0236,58
154,61.0236,63
154,61.0236,57
154,61.0236,18
154,61.0236,20
154,61.0236,27
154,61.0236,19
154,61.0236,90
154,61.0236,21
154,61.0236,20
154,61.0236,38
154,61.0236,38
154,62.9302,39
154,62.9302,41
154,62.9302,36
154,62.9302,42
154,62.9302,41
154,62.9302,66
154,62.9302,45
154,62.9302,51
154,62.9302,39
154,62.9302,32
154,62.9302,44
154,62.9302,47
154,62.9302,40
154,62.9302,18
154,62.9302,40
154,62.9302,45
154,62.9302,45
154,62.9302,42
154,62.9302,53
154,62.9302,46
154,62.9302,35
154,62.9302,42
154,62.9302,33
154,62.9302,20
154,62.9302,56
154,62.9302,45
154,62.9302,26
154,62.9302,20
154,62.9302,58
154,62.9302,38
154,62.9302,47
154,62.8116,32
154,62.8116,20
154,62.8116,20
154,62.8116,30
154,62.8116,40
154,62.8116,32
154,62.8116,47
154,62.8116,38
154,62.8116,25
154,62.8116,19
154,62.8116,35
154,62.8116,26
154,62.8116,36
154,62.8116,34
154,62.8116,28
154,62.8116,21
154,62.8116,44
154,62.8116,80
154,62.8116,36
154,62.8116,27
154,62.8116,40
154,62.8116,29
154,62.8116,35
154,62.8116,44
154,62.8116,21
154,62.8116,69
154,62.8116,24
154,62.8116,28
154,62.8116,41
154,62.8116,44
154,62.8116,44
154,62.8116,28
154,62.8116,35
154,62.8116,26
154,62.8116,25
154,62.8116,34
154,62.8116,26
154,72.5646,36
154,72.5646,34
154,72.5646,30
154,72.5646,38
154,72.5646,24
154,72.5646,52
154,72.5646,41
154,72.5646,37
154,72.5646,34
154,72.5646,21
154,72.5646,46
154,72.5646,35
154,72.5646,35
154,72.5646,35
154,72.5646,33
154,72.5646,41
154,72.5646,20
154,72.5646,81
154,72.5646,56
154,72.5646,22
154,72.5646,45
154,72.5646,33
154,72.5646,35
154,72.5646,41
154,72.5646,25
154,72.5646,49
154,72.5646,35
154,72.5646,24
154,72.5646,33
154,72.5646,30
154,72.5646,38
154,72.5646,32
154,72.5646,25
154,72.5646,24
154,72.5646,39
154,72.5646,35
154,72.6368,34
154,72.6368,23
154,72.6368,34
154,72.6368,37
154,72.6368,47
154,72.6368,36
154,72.6368,42
154,72.6368,35
154,72.6368,28
154,72.6368,36
154,72.6368,34
154,72.6368,36
154,72.6368,51
154,72.6368,40
154,72.6368,33
154,72.6368,23
154,72.6368,33
154,72.6368,39
154,72.6368,36
154,72.6368,41
154,72.6368,24
154,72.6368,64
154,72.6368,38
154,72.6368,20
154,72.6368,24
154,72.6368,44
154,72.6368,36
154,72.6368,25
154,72.6368,28
154,72.6368,50
154,72.6368,27
154,72.6368,27
154,72.6368,37
154,72.6368,33
154,72.6368,27
154,72.6368,38
154,72.6368,23
154,73.8523,43
154,73.8523,19
154,73.8523,46
154,73.8523,21
154,73.8523,34
154,73.8523,25
154,73.8523,35
154,73.8523,40
154,73.8523,28
154,73.8523,38
154,73.8523,34
154,73.8523,33
154,73.8523,43
154,73.8523,60
154,73.8523,41
154,73.8523,44
154,73.8523,21
154,73.8523,25
154,73.8523,38
154,73.8523,22
154,73.8523,35
154,73.8523,35
154,73.8523,34
154,73.8523,36
154,73.8523,36
154,73.8523,34
154,73.8523,53
154,73.8523,69
154,73.8523,25
154,73.8523,20
154,73.8523,37
154,73.8523,33
154,73.8523,34
154,73.8523,27
154,73.8523,26
154,73.8523,21
154,71.7846,43
154,71.7846,39
154,71.7846,42
154,71.7846,45
154,71.7846,40
154,71.7846,43
154,71.7846,58
154,71.7846,42
154,71.7846,22
154,71.7846,35
154,71.7846,40
176,71.7846,19
176,71.7846,38
176,71.7846,26
176,71.7846,45
176,71.7846,45
176,71.7846,46
176,71.7846,41
176,71.7846,47
176,71.7846,39
176,71.7846,33
176,71.7846,47
176,71.7846,48
176,71.7846,46
176,71.7846,43
176,71.7846,48
176,71.7846,47
176,71.7846,44
176,71.7846,41
176,71.7846,43
176,59.0551,45
176,59.0551,43
176,59.0551,39
176,59.0551,37
176,59.0551,34
176,59.0551,69
176,59.0551,49
176,59.0551,46
176,59.0551,43
176,59.0551,51
176,59.0551,45
176,59.0551,33
176,59.0551,30
176,59.0551,38
176,59.0551,43
176,59.0551,40
176,59.0551,67
176,59.0551,35
176,59.0551,36
176,59.0551,33
176,59.0551,45
176,59.0551,72
176,59.0551,45
176,59.0551,50
176,59.0551,35
176,59.0551,42
176,59.0551,58
176,59.0551,35
176,59.0551,33
176,59.0551,50
176,59.0551,39
176,60.0985,43
176,60.0985,42
176,60.0985,43
176,60.0985,40
176,60.0985,45
176,60.0985,42
176,60.0985,45
176,60.0985,41
176,60.0985,41
176,60.0985,49
176,60.0985,44
176,60.0985,47
176,60.0985,44
176,60.0985,70
176,60.0985,36
176,60.0985,40
176,60.0985,42
176,60.0985,40
176,60.0985,42
176,60.0985,39
176,60.0985,52
176,60.0985,41
176,60.0985,47
176,60.0985,34
176,60.0985,38
176,60.0985,38
176,60.0985,35
176,60.0985,34
176,60.0985,45
176,60.0985,41
176,60.0394,41
176,60.0394,41
176,60.0394,39
176,60.0394,39
176,60.0394,39
176,60.0394,40
176,60.0394,41
176,60.0394,39
176,60.0394,41
176,60.0394,39
176,60.0394,47
176,60.0394,42
176,60.0394,42
176,60.0394,48
176,60.0394,41
176,60.0394,41
176,60.0394,34
176,60.0394,33
176,60.0394,49
176,60.0394,50
176,60.0394,47
176,60.0394,64
176,60.0394,41
176,60.0394,39
176,60.0394,45
176,60.0394,48
176,60.0394,43
176,60.0394,33
176,60.0394,45
176,60.0394,48
176,60.0394,41
176,59.8039,46
176,59.8039,44
176,59.8039,53
176,59.8039,45
176,59.8039,43
176,59.8039,41
176,59.8039,40
176,59.8039,40
176,59.8039,39
176,59.8039,39
176,59.8039,42
176,59.8039,36
176,59.8039,31
176,59.8039,51
176,59.8039,45
176,59.8039,41
176,59.8039,51
176,59.8039,67
176,59.8039,55
176,59.8039,67
176,59.8039,59
176,59.8039,67
176,59.8039,45
176,59.8039,47
176,59.8039,46
176,59.8039,38
176,59.8039,37
176,59.8039,47
176,59.8039,40
176,59.8039,39
176,60.2172,47
176,60.2172,41
176,60.2172,42
176,60.2172,31
176,60.2172,52
176,60.2172,50
176,60.2172,43
176,60.2172,44
176,60.2172,47
176,60.2172,44
176,60.2172,41
176,60.2172,49
176,60.2172,41
176,60.2172,38
176,60.2172,43
176,60.2172,39
176,60.2172,38
176,60.2172,38
176,60.2172,34
176,60.2172,34
176,60.2172,37
176,60.2172,42
176,60.2172,41
176,60.2172,80
176,60.2172,41
176,60.2172,42
176,60.2172,36
176,60.2172,43
176,60.2172,42
176,60.2172,49
176,60.2172,39
176,59.8039,44
176,59.8039,72
176,59.8039,44
176,59.8039,43
176,59.8039,58
176,59.8039,43
176,59.8039,36
176,59.8039,37
176,59.8039,42
176,59.8039,43
176,59.8039,42
176,59.8039,43
176,59.8039,42
176,59.8039,39
176,59.8039,41
176,59.8039,37
176,59.8039,44
176,59.8039,39
176,59.8039,38
176,59.8039,44
176,59.8039,38
176,59.8039,34
176,59.8039,54
176,59.8039,49
176,59.8039,42
176,59.8039,44
176,59.8039,40
176,59.8039,50
176,59.8039,37
176,59.8039,35
176,59.9214,39
176,59.9214,34
176,59.9214,35
176,59.9214,44
176,59.9214,35
176,59.9214,38
176,59.9214,39
176,59.9214,40
176,59.9214,30
176,59.9214,37
176,59.9214,40
176,59.9214,39
176,59.9214,46
176,59.9214,36
176,59.9214,44
176,59.9214,47
176,59.9214,42
176,59.9214,35
176,59.9214,49
176,59.9214,36
176,59.9214,42
176,59.9214,41
176,59.9214,41
176,59.9214,38
176,59.9214,45
176,59.9214,59
176,59.9214,43
176,59.9214,38
176,59.9214,38
176,59.9214,42
176,59.9214,43
176,60.2767,43
176,60.2767,41
176,60.2767,35
176,60.2767,48
176,60.2767,41
176,60.2767,37
176,60.2767,43
176,60.2767,37
176,60.2767,41
176,60.2767,41
176,60.2767,40
176,60.2767,38
176,60.2767,53
176,60.2767,39
176,60.2767,37
176,60.2767,38
176,60.2767,34
176,60.2767,52
176,60.2767,30
176,60.2767,39
176,60.2767,41
176,60.2767,37
176,60.2767,40
176,60.2767,31
176,60.2767,42
176,60.2767,35
176,60.2767,39
176,60.2767,39
176,60.2767,51
176,60.2767,43
176,59.761,49
176,59.761,43
176,59.761,43
176,59.761,42
176,59.761,41
176,59.761,38
176,59.761,39
176,59.761,39
176,59.761,41
176,59.761,35
176,59.761,45
176,59.761,49
176,59.761,50
176,59.761,40
176,59.761,43
176,59.761,43
176,59.761,43
176,59.761,51
176,59.761,37
176,59.761,43
176,59.761,32
176,59.761,45
176,59.761,43
176,59.761,42
176,59.761,40
176,59.761,38
176,59.761,35
176,59.761,40
176,59.761,36
176,59.761,39
176,59.9803,40
176,59.9803,36
176,59.9803,33
176,59.9803,29
176,59.9803,40
176,59.9803,39
176,59.9803,36
176,59.9803,38
176,59.9803,34
176,59.9803,43
176,59.9803,36
176,59.9803,40
176,59.9803,35
176,59.9803,44
176,59.9803,35
176,59.9803,48
176,59.9803,40
176,59.9803,32
176,59.9803,42
176,59.9803,49
176,59.9803,40
176,59.9803,47
176,59.9803,35
176,59.9803,41
176,59.9803,46
176,59.9803,94
176,59.9803,46
176,59.9803,44
176,59.9803,39
176,59.9803,40
176,59.9803,34
176,60.2172,42
176,60.2172,50
176,60.2172,49
176,60.2172,45
176,60.2172,42
176,60.2172,43
176,60.2172,41
176,60.2172,46
176,60.2172,46
176,60.2172,43
176,60.2172,39
176,60.2172,34
176,60.2172,43
176,60.2172,42
176,60.2172,45
176,60.2172,48
176,60.2172,48
176,60.2172,41
176,60.2172,39
176,60.2172,38
176,60.2172,65
176,60.2172,63
176,60.2172,40
176,60.2172,39
176,60.2172,47
176,60.2172,35
176,60.2172,45
176,60.2172,47
176,60.2172,42
176,60.2172,41
176,59.9401,46
176,59.9401,38
176,59.9401,46
176,59.9401,34
176,59.9401,38
176,59.9401,40
176,59.9401,43
176,59.9401,41
176,59.9401,45
176,59.9401,42
176,59.9401,52
176,59.9401,36
176,59.9401,36
176,59.9401,39
176,59.9401,40
176,59.9401,47
176,59.9401,50
176,59.9401,38
176,59.9401,47
176,59.9401,67
176,59.9401,53
176,59.9401,42
176,59.9401,39
176,59.9401,37
176,59.9401,35
176,59.9401,38
176,59.9401,37
176,59.9401,44
176,59.9401,36
176,59.9401,44
176,59.8205,46
176,59.8205,34
176,59.8205,42
176,59.8205,45
176,59.8205,37
176,59.8205,40
176,59.8205,40
176,59.8205,35
176,59.8205,46
176,59.8205,39
176,59.8205,26
176,59.8205,46
176,59.8205,44
176,59.8205,43
176,59.8205,45
176,59.8205,45
176,59.8205,50
176,59.8205,46
176,59.8205,44
176,59.8205,45
176,59.8205,42
176,59.8205,38
176,59.8205,39
176,59.8205,40
176,59.8205,39
176,59.8205,39
176,59.8205,40
176,59.8205,33
176,59.8205,34
176,59.8205,41
176,60.0394,39
176,60.0394,39
176,60.0394,38
176,60.0394,39
176,60.0394,32
176,60.0394,34
176,60.0394,35
176,60.0394,44
176,60.0394,42
176,60.0394,36
176,60.0394,45
176,60.0394,57
176,60.0394,58
176,60.0394,48
176,60.0394,73
176,60.0394,48
176,60.0394,56
176,60.0394,67
176,60.0394,62
176,60.0394,40
176,60.0394,35
176,60.0394,41
176,60.0394,37
176,60.0394,39
176,60.0394,44
176,60.0394,39
176,60.0394,47
176,60.0394,41
176,60.0394,41
176,60.0394,46
176,60.0394,45
176,60.0394,40
176,60.0394,43
176,60.0394,44
176,60.0394,42
176,60.0394,48
176,60.0394,38
176,60.0394,38
176,60.0394,41
176,60.0394,43
176,60.0394,34
176,60.0394,41
176,60.0394,36
176,60.0394,36
176,60.0394,37
176,60.0394,35
176,60.0394,45
176,60.0394,37
176,60.0394,43
176,60.0394,25
176,60.0394,46
176,60.0394,38
176,60.0394,39
176,60.0394,46
176,60.0394,42
176,60.0394,36
176,60.0394,38
176,60.0394,37
176,60.0394,36
176,60.0394,33
176,60.0394,49
176,60.1578,43
176,60.1578,41
176,60.1578,41
176,60.1578,40
176,60.1578,35
176,60.1578,43
176,60.1578,35
176,60.1578,41
176,60.1578,40
176,60.1578,37
176,60.1578,45
176,60.1578,41
176,60.1578,40
176,60.1578,44
176,60.1578,44
176,60.1578,34
176,60.1578,40
176,60.1578,44
176,60.1578,45
176,60.1578,42
176,60.1578,42
176,60.1578,40
176,60.1578,41
176,60.1578,46
176,60.1578,39
176,60.1578,40
176,60.1578,39
176,60.1578,40
176,60.1578,40
176,60.1578,40
176,59.761,38
176,59.761,45
176,59.761,32
176,59.761,44
176,59.761,42
176,59.761,39
176,59.761,45
176,59.761,43
176,59.761,42
176,59.761,42
176,59.761,35
176,59.761,40
176,59.761,40
176,59.761,41
176,59.761,29
176,59.761,48
176,59.761,40
176,59.761,46
176,59.761,42
176,59.761,46
176,59.761,41
176,59.761,36
176,59.761,52
176,59.761,42
176,59.761,44
176,59.761,44
176,59.761,46
176,59.761,41
176,59.761,34
176,59.761,46
176,59.761,44
176,60.0985,45
176,60.0985,44
176,60.0985,42
176,60.0985,45
176,60.0985,41
176,60.0985,44
176,60.0985,42
176,60.0985,42
176,60.0985,35
176,60.0985,41
176,60.0985,38
176,60.0985,43
176,60.0985,41
176,60.0985,40
176,60.0985,32
176,60.0985,38
176,60.0985,38
176,60.0985,45
176,60.0985,36
176,60.0985,42
176,60.0985,37
176,60.0985,47
176,60.0985,38
176,60.0985,41
176,60.0985,43
176,60.0985,43
176,60.0985,41
176,60.0985,40
176,60.0985,37
176,60.0985,45
176,59.9214,38
176,59.9214,45
176,59.9214,41
176,59.9214,42
176,59.9214,44
176,59.9214,45
176,59.9214,47
176,59.9214,45
176,59.9214,45
176,59.9214,47
176,59.9214,41
176,59.9214,43
176,59.9214,45
176,59.9214,42
176,59.9214,42
176,59.9214,57
176,59.9214,39
176,59.9214,47
176,59.9214,46
176,59.9214,38
176,59.9214,39
176,59.9214,40
176,59.9214,37
176,59.9214,42
176,59.9214,38
176,59.9214,41
176,59.9214,32
176,59.9214,41
176,59.9214,39
176,59.9214,45
176,59.9214,43
176,60.0394,40
176,60.0394,40
176,60.0394,38
176,60.0394,41
176,60.0394,45
176,60.0394,43
176,60.0394,42
176,60.0394,36
176,60.0394,45
176,60.0394,43
176,60.0394,42
176,60.0394,45
176,60.0394,41
176,60.0394,59
176,60.0394,45
176,60.0394,43
176,60.0394,40
176,60.0394,43
176,60.0394,38
176,60.0394,42
176,60.0394,41
176,60.0394,46
176,60.0394,42
176,60.0394,51
176,60.0394,42
176,60.0394,39
176,60.0394,32
176,60.0394,49
176,60.0394,43
176,60.0394,41
176,59.9401,43
176,59.9401,47
176,59.9401,42
176,59.9401,42
176,59.9401,39
176,59.9401,38
176,59.9401,38
176,59.9401,43
176,59.9401,40
176,59.9401,44
176,59.9401,39
176,59.9401,39
176,59.9401,41
176,59.9401,34
176,59.9401,40
176,59.9401,39
176,59.9401,44
176,59.9401,41
176,59.9401,44
176,59.9401,41
176,59.9401,47
176,59.9401,33
176,59.9401,41
176,59.9401,47
176,59.9401,42
176,59.9401,38
176,59.9401,36
176,59.9401,42
176,59.9401,41
176,59.9401,46
176,60.3363,34
176,60.3363,39
176,60.3363,42
176,60.3363,39
176,60.3363,39
176,60.3363,40
176,60.3363,43
176,60.3363,38
176,60.3363,49
176,60.3363,41
176,60.3363,42
176,60.3363,46
176,60.3363,45
176,60.3363,44
176,60.3363,37
176,60.3363,37
176,60.3363,39
176,60.3363,39
176,60.3363,40
176,60.3363,46
176,60.3363,43
176,60.3363,45
176,60.3363,36
176,60.3363,44
176,60.3363,42
176,60.3363,43
176,60.3363,42
176,60.3363,42
176,60.3363,40
176,60.3363,47
176,59.9401,46
176,59.9401,42
176,59.9401,44
176,59.9401,46
176,59.9401,43
176,59.9401,40
176,59.9401,41
176,59.9401,39
176,59.9401,41
176,59.9401,43
176,59.9401,41
176,59.9401,44
176,59.9401,35
176,59.9401,34
176,59.9401,41
176,59.9401,41
176,59.9401,45
176,59.9401,44
176,59.9401,38
176,59.9401,43
176,59.9401,26
176,59.9401,37
176,59.9401,40
176,59.9401,39
176,59.9401,47
176,59.9401,45
176,59.9401,43
176,59.9401,47
176,59.9401,42
176,59.9401,42
176,59.9401,43
176,59.7453,40
176,59.7453,44
176,59.7453,40
176,59.7453,43
176,59.7453,39
176,59.7453,41
176,59.7453,37
176,59.7453,50
176,59.7453,44
176,59.7453,41
176,59.7453,58
176,59.7453,55
176,59.7453,47
176,59.7453,93
176,59.7453,40
176,59.7453,37
176,59.7453,49
176,59.7453,34
176,59.7453,45
176,59.7453,45
176,59.7453,44
176,59.7453,42
176,59.7453,42
176,59.7453,38
176,59.7453,40
176,59.7453,38
176,59.7453,35
176,59.7453,31
176,59.7453,41
176,59.7453,39
176,60.2172,46
176,60.2172,44
176,60.2172,37
176,60.2172,42
176,60.2172,47
176,60.2172,45
176,60.2172,47
176,60.2172,64
176,60.2172,47
176,60.2172,46
176,60.2172,42
176,60.2172,42
176,60.2172,59
176,60.2172,41
176,60.2172,41
176,60.2172,34
176,60.2172,35
176,60.2172,47
176,60.2172,43
176,60.2172,38
176,60.2172,43
176,60.2172,40
176,60.2172,44
176,60.2172,34
176,60.2172,38
176,60.2172,41
176,60.2172,41
176,60.2172,41
176,60.2172,40
176,60.2172,42
176,60.2172,51
176,59.8039,47
176,59.8039,40
176,59.8039,43
176,59.8039,43
176,59.8039,48
176,59.8039,32
176,59.8039,41
176,59.8039,42
176,59.8039,37
176,59.8039,36
176,59.8039,34
176,59.8039,33
176,59.8039,32
176,59.8039,45
176,59.8039,43
176,59.8039,44
176,59.8039,47
176,59.8039,45
176,59.8039,43
176,59.8039,44
176,59.8039,40
176,59.8039,42
176,59.8039,41
176,59.8039,40
176,59.8039,31
176,59.8039,40
176,59.8039,40
176,59.8039,34
176,59.8039,37
176,59.8039,46
176,60.2172,45
176,60.2172,42
176,60.2172,41
176,60.2172,41
176,60.2172,43
176,60.2172,33
176,60.2172,40
176,60.2172,43
176,60.2172,42
176,60.2172,43
176,60.2172,35
176,60.2172,43
176,60.2172,39
176,60.2172,35
176,60.2172,55
176,60.2172,40
176,60.2172,40
176,60.2172,37
176,60.2172,45
176,60.2172,29
176,60.2172,39
176,60.2172,37
176,60.2172,37
176,60.2172,39
176,60.2172,43
176,60.2172,41
176,60.2172,45
176,60.2172,41
176,60.2172,40
176,60.2172,38
176,59.761,41
176,59.761,39
176,59.761,45
176,59.761,41
176,59.761,37
176,59.761,39
176,59.761,44
176,59.761,46
176,59.761,42
176,59.761,42
176,59.761,30
176,59.761,43
176,59.761,44
176,59.761,41
176,59.761,41
176,59.761,45
176,59.761,41
176,59.761,38
176,59.761,56
176,59.761,40
176,59.761,39
176,59.761,31
176,59.761,41
176,59.761,36
176,59.761,41
176,59.761,40
176,59.761,35
176,59.761,40
176,59.761,42
176,59.761,40
176,59.761,38
176,60.2767,39
176,60.2767,47
176,60.2767,43
176,60.2767,42
176,60.2767,60
176,60.2767,45
176,60.2767,48
176,60.2767,45
176,60.2767,37
176,60.2767,36
176,60.2767,37
176,60.2767,40
176,60.2767,40
176,60.2767,42
176,60.2767,42
176,60.2767,40
176,60.2767,45
176,60.2767,33
176,60.2767,40
176,60.2767,43
176,60.2767,41
176,60.2767,40
176,60.2767,38
176,60.2767,46
176,60.2767,46
176,60.2767,42
176,60.2767,35
176,60.2767,45
176,60.2767,43
176,60.2767,50
176,59.761,43
176,59.761,39
176,59.761,40
176,59.761,44
176,59.761,55
176,59.761,40
176,59.761,40
176,59.761,42
176,59.761,39
176,59.761,37
176,59.761,54
176,59.761,42
176,59.761,45
176,59.761,40
176,59.761,46
176,59.761,33
176,59.761,43
176,59.761,42
176,59.761,39
176,59.761,48
176,59.761,36
176,59.761,41
176,59.761,35
176,59.761,36
176,59.761,40
176,59.761,38
176,59.761,39
176,59.761,40
176,59.761,40
176,59.761,40
176,59.9803,41
176,59.9803,42
176,59.9803,43
176,59.9803,40
176,59.9803,41
176,59.9803,44
176,59.9803,41
176,59.9803,45
176,59.9803,39
176,59.9803,41
176,59.9803,39
176,59.9803,42
176,59.9803,44
176,59.9803,43
176,59.9803,40
176,59.9803,37
176,59.9803,38
176,59.9803,40
176,59.9803,34
176,59.9803,42
176,59.9803,37
176,59.9803,40
176,59.9803,33
176,59.9803,32
176,59.9803,47
176,59.9803,30
176,59.9803,40
176,59.9803,42
176,59.9803,32
176,59.9803,43
176,59.9803,42
176,59.9803,40
176,59.9803,38
176,59.9803,41
176,59.9803,39
176,59.9803,47
176,59.9803,43
176,59.9803,38
176,59.9803,42
176,59.9803,39
176,59.9803,38
176,59.9803,44
176,59.9803,43
176,59.9803,43
176,59.9803,42
176,59.9803,51
176,59.9803,42
176,59.9803,43
176,59.9803,39
176,59.9803,41
176,59.9803,38
176,59.9803,41
176,59.9803,44
176,59.9803,37
176,59.9803,46
176,59.9803,39
176,59.9803,34
176,59.9803,39
176,59.9803,39
176,59.9803,34
176,59.9803,46
176,60.0394,43
176,60.0394,40
176,60.0394,33
176,60.0394,37
176,60.0394,40
176,60.0394,48
176,60.0394,41
176,60.0394,43
176,60.0394,46
176,60.0394,36
176,60.0394,37
176,60.0394,40
176,60.0394,37
176,60.0394,45
176,60.0394,39
176,60.0394,31
176,60.0394,33
176,60.0394,33
176,60.0394,38
176,60.0394,51
176,60.0394,35
176,60.0394,32
176,60.0394,34
176,60.0394,39
176,60.0394,36
176,60.0394,33
176,60.0394,33
176,60.0394,43
176,60.0394,43
176,60.0394,44
176,60.0394,48
176,60.0394,47
176,60.0394,38
176,60.0394,41
176,60.0394,43
176,60.0394,36
176,60.0394,51
176,60.0394,55
176,60.0394,56
176,60.0394,43
176,60.0394,58
176,60.0394,29
176,60.0394,46
176,60.0394,35
176,60.0394,39
176,60.0394,38
176,60.0394,44
176,60.0394,42
176,60.0394,41
176,60.0394,43
176,60.0394,39
176,60.0394,39
176,60.0394,42
176,60.0394,41
176,60.0394,38
176,60.0394,44
176,60.0394,37
176,60.0394,41
176,60.0394,46
176,60.0394,44
176,60.0394,39
176,60.0985,40
176,60.0985,39
176,60.0985,39
176,60.0985,38
176,60.0985,37
176,60.0985,39
176,60.0985,42
176,60.0985,43
176,60.0985,39
176,60.0985,47
176,60.0985,41
176,60.0985,39
176,60.0985,51
176,60.0985,34
176,60.0985,41
176,60.0985,39
176,60.0985,37
176,60.0985,39
176,60.0985,38
176,60.0985,40
176,60.0985,46
176,60.0985,39
176,60.0985,38
176,60.0985,37
176,60.0985,46
176,60.0985,46
176,60.0985,37
176,60.0985,41
176,60.0985,42
176,60.0985,41
176,60.0985,40
176,59.8039,44
176,59.8039,36
176,59.8039,43
176,59.8039,41
176,59.8039,44
176,59.8039,48
176,59.8039,46
176,59.8039,32
176,59.8039,37
176,59.8039,41
176,59.8039,36
176,59.8039,38
176,59.8039,36
176,59.8039,44
176,59.8039,42
176,59.8039,40
176,59.8039,39
176,59.8039,35
176,59.8039,41
176,59.8039,44
176,59.8039,36
176,59.8039,36
176,59.8039,42
176,59.8039,36
176,59.8039,40
176,59.8039,39
176,59.8039,41
176,59.8039,42
176,59.8039,44
176,59.8039,40
176,60.2172,41
176,60.2172,43
176,60.2172,34
176,60.2172,43
176,60.2172,37
176,60.2172,39
176,60.2172,35
176,60.2172,37
176,60.2172,32
176,60.2172,39
176,60.2172,44
176,60.2172,31
176,60.2172,42
176,60.2172,44
176,60.2172,42
176,60.2172,40
176,60.2172,40
176,60.2172,32
176,60.2172,42
176,60.2172,56
176,60.2172,41
176,60.2172,33
176,60.2172,40
176,60.2172,36
176,60.2172,38
176,60.2172,35
176,60.2172,40
176,60.2172,90
176,60.2172,39
176,60.2172,39
176,59.8802,35
176,59.8802,35
176,59.8802,44
176,59.8802,39
176,59.8802,46
176,59.8802,33
176,59.8802,40
176,59.8802,42
176,59.8802,45
176,59.8802,35
176,59.8802,37
176,59.8802,43
176,59.8802,40
176,59.8802,38
176,59.8802,66
176,59.8802,45
176,59.8802,41
176,59.8802,41
176,59.8802,42
176,59.8802,37
176,59.8802,42
176,59.8802,42
176,59.8802,40
176,59.8802,43
176,59.8802,47
176,59.8802,38
176,59.8802,42
176,59.8802,43
176,59.8802,39
176,59.8802,36
176,59.9401,34
176,59.9401,35
176,59.9401,46
176,59.9401,38
176,59.9401,44
176,59.9401,37
176,59.9401,37
176,59.9401,49
176,59.9401,50
176,59.9401,34
176,59.9401,46
176,59.9401,41
176,59.9401,35
176,59.9401,42
176,59.9401,45
176,59.9401,47
176,59.9401,43
176,59.9401,55
176,59.9401,45
176,59.9401,42
176,59.9401,45
176,59.9401,41
176,59.9401,39
176,59.9401,38
176,59.9401,33
176,59.9401,44
176,59.9401,37
176,59.9401,40
176,59.9401,47
176,59.9401,36
176,59.9401,36
176,60.2767,39
176,60.2767,41
176,60.2767,37
176,60.2767,25
176,60.2767,36
176,60.2767,39
176,60.2767,40
176,60.2767,36
176,60.2767,43
176,60.2767,42
176,60.2767,45
176,60.2767,45
176,60.2767,38
176,60.2767,38
176,60.2767,35
176,60.2767,41
176,60.2767,32
176,60.2767,47
176,60.2767,44
176,60.2767,48
176,60.2767,48
176,60.2767,50
176,60.2767,44
176,60.2767,41
176,60.2767,42
176,60.2767,38
176,60.2767,39
176,60.2767,39
176,60.2767,36
176,60.2767,38
176,59.9401,58
176,59.9401,47
176,59.9401,48
176,59.9401,47
176,59.9401,52
176,59.9401,44
176,59.9401,34
176,59.9401,41
176,59.9401,42
176,59.9401,41
176,59.9401,39
176,59.9401,45
176,59.9401,46
176,59.9401,39
176,59.9401,41
176,59.9401,38
176,59.9401,41
176,59.9401,46
176,59.9401,37
176,59.9401,34
176,59.9401,40
176,59.9401,32
176,59.9401,45
176,59.9401,40
176,59.9401,41
176,59.9401,41
176,59.9401,41
176,59.9401,37
176,59.9401,38
176,59.9401,39
176,59.8039,46
176,59.8039,34
176,59.8039,35
176,59.8039,50
176,59.8039,107
176,59.8039,48
176,59.8039,46
176,59.8039,43
176,59.8039,45
176,59.8039,66
176,59.8039,59
176,59.8039,41
176,59.8039,54
176,59.8039,47
176,59.8039,43
176,59.8039,45
176,59.8039,43
176,59.8039,44
176,59.8039,44
176,59.8039,43
176,59.8039,40
176,59.8039,38
176,59.8039,42
176,59.8039,45
176,59.8039,48
176,59.8039,41
176,59.8039,43
176,59.8039,41
176,59.8039,36
176,59.8039,31
176,59.8039,42
176,60.0985,48
176,60.0985,49
176,60.0985,44
176,60.0985,45
176,60.0985,35
176,60.0985,63
176,60.0985,42
176,60.0985,46
176,60.0985,41
176,60.0985,45
176,60.0985,44
176,60.0985,40
176,60.0985,41
176,60.0985,34
176,60.0985,42
176,60.0985,42
176,60.0985,36
176,60.0985,49
176,60.0985,40
176,60.0985,38
176,60.0985,36
176,60.0985,49
176,60.0985,38
176,60.0985,36
176,60.0985,39
176,60.0985,48
176,60.0985,38
176,60.0985,42
176,60.0985,39
176,60.0985,41
176,60.1578,50
176,60.1578,42
176,60.1578,19
176,60.1578,46
176,60.1578,67
176,60.1578,67
176,60.1578,38
176,60.1578,54
176,60.1578,63
176,60.1578,49
176,60.1578,43
176,60.1578,37
176,60.1578,36
176,60.1578,46
176,60.1578,43
176,60.1578,49
176,60.1578,48
176,60.1578,37
176,60.1578,50
176,60.1578,47
176,60.1578,41
176,60.1578,49
176,60.1578,40
176,60.1578,38
176,60.1578,41
176,60.1578,64
176,60.1578,35
176,60.1578,42
176,60.1578,39
176,60.1578,34
176,59.761,38
176,59.761,33
176,59.761,41
176,59.761,34
176,59.761,37
176,59.761,51
176,59.761,37
176,59.761,44
176,59.761,38
176,59.761,42
176,59.761,47
176,59.761,44
176,59.761,41
176,59.761,39
176,59.761,40
176,59.761,40
176,59.761,33
176,59.761,45
176,59.761,40
176,59.761,47
176,59.761,41
176,59.761,40
176,59.761,41
176,59.761,45
176,59.761,47
176,59.761,44
176,59.761,44
176,59.761,42
176,59.761,44
176,59.761,40
176,59.9401,40
176,59.9401,38
176,59.9401,47
176,59.9401,40
176,59.9401,38
176,59.9401,33
176,59.9401,41
176,59.9401,47
176,59.9401,43
176,59.9401,38
176,59.9401,37
176,59.9401,39
176,59.9401,37
176,59.9401,41
176,59.9401,37
176,59.9401,37
176,59.9401,33
176,59.9401,43
176,59.9401,43
176,59.9401,40
176,59.9401,38
176,59.9401,39
176,59.9401,39
176,59.9401,38
176,59.9401,48
176,59.9401,41
176,59.9401,39
176,59.9401,39
176,59.9401,43
176,59.9401,44
176,59.9401,45
176,60.0394,33
176,60.0394,38
176,60.0394,38
176,60.0394,36
176,60.0394,35
176,60.0394,45
176,60.0394,34
176,60.0394,39
176,60.0394,38
176,60.0394,31
176,60.0394,34
176,60.0394,31
176,60.0394,38
176,60.0394,34
176,60.0394,38
176,60.0394,45
176,60.0394,38
176,60.0394,38
176,60.0394,58
176,60.0394,35
176,60.0394,42
176,60.0394,39
176,60.0394,36
176,60.0394,41
176,60.0394,43
176,60.0394,44
176,60.0394,44
176,60.0394,32
176,60.0394,38
176,60.0394,44
176,60.2172,31
176,60.2172,44
176,60.2172,50
176,60.2172,39
176,60.2172,44
176,60.2172,35
176,60.2172,32
176,60.2172,40
176,60.2172,45
176,60.2172,34
176,60.2172,42
176,60.2172,33
176,60.2172,47
176,60.2172,36
176,60.2172,36
176,60.2172,43
176,60.2172,33
176,60.2172,34
176,60.2172,36
176,60.2172,32
176,60.2172,39
176,60.2172,41
176,60.2172,34
176,60.2172,30
176,60.2172,54
176,60.2172,33
176,60.2172,32
176,60.2172,41
176,60.2172,39
176,60.2172,50
176,60.2172,41
176,59.8039,41
176,59.8039,32
176,59.8039,46
176,59.8039,44
176,59.8039,33
176,59.8039,41
176,59.8039,32
176,59.8039,33
176,59.8039,42
176,59.8039,38
176,59.8039,40
176,59.8039,68
176,59.8039,44
176,59.8039,50
176,59.8039,55
176,59.8039,40
176,59.8039,60
176,59.8039,40
176,59.8039,41
176,59.8039,60
176,59.8039,45
176,59.8039,39
176,59.8039,33
176,59.8039,49
176,59.8039,38
176,59.8039,42
176,59.8039,34
176,59.8039,37
176,59.8039,36
176,59.8039,45
176,60.0394,35
176,60.0394,44
176,60.0394,34
176,60.0394,33
176,60.0394,48
176,60.0394,37
176,60.0394,42
176,60.0394,39
176,60.0394,39
176,60.0394,44
176,60.0394,64
176,60.0394,36
176,60.0394,42
176,60.0394,39
176,60.0394,40
176,60.0394,48
176,60.0394,35
176,60.0394,43
176,60.0394,36
176,60.0394,41
176,60.0394,43
176,60.0394,40
176,60.0394,40
176,60.0394,41
176,60.0394,40
176,60.0394,39
176,60.0394,45
176,60.0394,39
176,60.0394,44
176,60.0394,23
176,59.9401,33
176,59.9401,46
176,59.9401,33
176,59.9401,39
176,59.9401,65
176,59.9401,45
176,59.9401,34
176,59.9401,45
176,59.9401,49
176,59.9401,52
176,59.9401,39
176,59.9401,38
176,59.9401,32
176,59.9401,44
176,59.9401,68
176,59.9401,38
176,59.9401,35
176,59.9401,36
176,59.9401,42
176,59.9401,47
176,59.9401,40
176,59.9401,38
176,59.9401,36
176,59.9401,38
176,59.9401,47
176,59.9401,39
176,59.9401,33
176,59.9401,46
176,59.9401,38
176,59.9401,41
176,59.9401,44
176,59.9803,54
176,59.9803,39
176,59.9803,37
176,59.9803,31
176,59.9803,40
176,59.9803,42
176,59.9803,62
176,59.9803,39
176,59.9803,34
176,59.9803,32
176,59.9803,47
176,59.9803,40
176,59.9803,32
176,59.9803,33
176,59.9803,40
176,59.9803,44
176,59.9803,43
176,59.9803,47
176,59.9803,41
176,59.9803,43
176,59.9803,47
176,59.9803,108
176,59.9803,47
176,59.9803,47
176,59.9803,49
176,59.9803,44
176,59.9803,45
176,59.9803,44
176,59.9803,46
176,59.9803,43
176,60.2767,47
176,60.2767,42
176,60.2767,59
176,60.2767,50
176,60.2767,39
176,60.2767,43
176,60.2767,32
176,60.2767,46
176,60.2767,37
176,60.2767,37
176,60.2767,44
176,60.2767,42
176,60.2767,42
176,60.2767,44
176,60.2767,40
176,60.2767,41
176,60.2767,37
176,60.2767,38
176,60.2767,29
176,60.2767,40
176,60.2767,41
176,60.2767,44
176,60.2767,36
176,60.2767,48
176,60.2767,40
176,60.2767,48
176,60.2767,36
176,60.2767,45
176,60.2767,42
176,60.2767,39
176,60.2767,56
176,59.9803,56
176,59.9803,55
176,59.9803,45
176,59.9803,50
176,59.9803,51
176,59.9803,43
176,59.9803,41
176,59.9803,37
176,59.9803,38
176,59.9803,41
176,59.9803,44
176,59.9803,45
176,59.9803,37
176,59.9803,33
176,59.9803,32
176,59.9803,42
176,59.9803,39
176,59.9803,41
176,59.9803,47
176,59.9803,36
176,59.9803,33
176,59.9803,53
176,59.9803,56
176,59.9803,53
176,59.9803,38
176,59.9803,45
176,59.9803,40
176,59.9803,38
176,59.9803,40
176,59.9803,38
176,59.9401,46
176,59.9401,40
176,59.9401,44
176,59.9401,43
176,59.9401,43
176,59.9401,50
176,59.9401,40
176,59.9401,41
176,59.9401,44
176,59.9401,43
176,59.9401,38
176,59.9401,37
176,59.9401,49
176,59.9401,45
176,59.9401,43
176,59.9401,47
176,59.9401,40
176,59.9401,38
176,59.9401,33
176,59.9401,38
176,59.9401,38
176,59.9401,31
176,59.9401,61
176,59.9401,43
176,59.9401,39
176,59.9401,33
176,59.9401,41
176,59.9401,38
176,59.9401,45
176,59.9401,42
176,60.0394,46
176,60.0394,44
176,60.0394,42
176,60.0394,40
176,60.0394,38
176,60.0394,37
176,60.0394,35
176,60.0394,28
176,60.0394,38
176,60.0394,32
176,60.0394,36
176,60.0394,42
176,60.0394,33
176,60.0394,31
176,60.0394,39
176,60.0394,40
176,60.0394,92
176,60.0394,26
176,60.0394,42
176,60.0394,36
176,60.0394,33
176,60.0394,45
176,60.0394,41
176,60.0394,39
176,60.0394,47
176,60.0394,36
176,60.0394,41
176,60.0394,45
176,60.0394,43
176,60.0394,49
176,60.0394,40
176,60.2767,24
176,60.2767,38
176,60.2767,36
176,60.2767,52
176,60.2767,35
176,60.2767,37
176,60.2767,43
176,60.2767,39
176,60.2767,39
176,60.2767,38
176,60.2767,41
176,60.2767,45
176,60.2767,44
176,60.2767,41
176,60.2767,43
176,60.2767,41
176,60.2767,37
176,60.2767,31
176,60.2767,37
176,60.2767,36
176,60.2767,30
176,60.2767,40
176,60.2767,40
176,60.2767,41
176,60.2767,40
176,60.2767,45
176,60.2767,40
176,60.2767,34
176,60.2767,34
176,60.2767,37
176,60.2767,40
176,61.6915,43
176,61.6915,39
176,61.6915,38
176,61.6915,41
176,61.6915,39
176,61.6915,40
176,61.6915,41
176,61.6915,41
176,61.6915,54
176,61.6915,43
176,61.6915,50
176,61.6915,42
176,61.6915,48
176,61.6915,41
176,61.6915,38
176,61.6915,43
176,61.6915,41
176,61.6915,28
176,61.6915,37
176,61.6915,25
176,61.6915,25
176,61.6915,32
176,61.6915,41
176,61.6915,28
176,61.6915,36
176,61.6915,25
176,61.6915,40
176,61.6915,43
176,61.6915,43
176,61.6915,44
176,61.6915,39
176,61.6915,49
176,62.7451,36
176,62.7451,45
176,62.7451,23
176,62.7451,35
176,62.7451,28
176,62.7451,36
176,62.7451,36
176,62.7451,50
176,62.7451,38
176,62.7451,35
176,62.7451,40
176,62.7451,41
176,62.7451,29
176,62.7451,26
176,62.7451,41
176,62.7451,29
176,62.7451,36
176,62.7451,53
176,62.7451,39
176,62.7451,24
176,62.7451,20
176,62.7451,43
176,62.7451,19
176,62.7451,36
176,62.7451,38
176,62.7451,25
176,62.7451,39
176,62.7451,49
176,62.7451,64
176,62.7451,35
176,62.7451,28
176,62.7451,19
176,62.7451,33
176,62.7451,36
176,62.7451,39
176,62.7451,33
176,62.7451,22
176,73.7052,42
176,73.7052,49
176,73.7052,41
176,73.7052,42
176,73.7052,45
176,73.7052,35
176,73.7052,33
176,73.7052,29
176,73.7052,34
176,73.7052,43
176,73.7052,41
176,73.7052,27
176,73.7052,39
176,73.7052,36
176,73.7052,34
176,73.7052,52
176,73.7052,36
176,73.7052,45
176,73.7052,34
176,73.7052,35
176,73.7052,42
176,73.7052,58
176,73.7052,39
176,73.7052,26
176,73.7052,28
176,73.7052,40
176,73.7052,28
176,73.7052,40
176,73.7052,34
176,73.7052,39
176,73.7052,18
176,73.7052,40
176,73.7052,40
176,73.7052,32
176,73.7052,38
176,70.8583,25
176,70.8583,36
176,70.8583,40
176,70.8583,39
176,70.8583,38
176,70.8583,39
176,70.8583,43
176,70.8583,42
176,70.8583,43
176,70.8583,37
176,70.8583,24
176,70.8583,33
176,70.8583,33
176,70.8583,24
176,70.8583,38
176,70.8583,23
176,70.8583,54
176,70.8583,39
176,70.8583,39
176,70.8583,45
176,70.8583,33
176,70.8583,41
176,70.8583,19
176,70.8583,35
176,70.8583,42
176,70.8583,42
176,70.8583,39
176,70.8583,48
176,70.8583,38
176,70.8583,46
176,70.8583,41
176,70.8583,40
176,70.8583,44
176,64.6123,40
176,64.6123,43
176,64.6123,41
176,64.6123,45
176,64.6123,44
176,64.6123,46
176,64.6123,42
176,64.6123,40
176,64.6123,45
176,64.6123,35
176,64.6123,41
176,64.6123,42
176,64.6123,43
176,64.6123,83
176,64.6123,36
176,64.6123,38
176,64.6123,52
176,64.6123,43
176,64.6123,21
176,64.6123,33
176,64.6123,57
176,64.6123,37
176,64.6123,35
176,64.6123,26
176,64.6123,35
176,64.6123,44
176,64.6123,40
176,64.6123,43
176,64.6123,43
176,64.6123,40
176,64.6123,46
176,64.6123,26
176,64.8056,42
176,64.8056,19
176,64.8056,35
176,64.8056,42
176,64.8056,97
176,64.8056,44
176,64.8056,44
176,64.8056,34
176,64.8056,53
176,64.8056,43
176,64.8056,45
176,64.8056,46
176,64.8056,44
176,64.8056,50
176,64.8056,45
176,64.8056,41
176,64.8056,42
176,64.8056,44
176,64.8056,46
176,64.8056,42
176,64.8056,46
176,64.8056,43
176,64.8056,40
176,64.8056,41
176,64.8056,44
176,64.8056,39
176,64.8056,45
176,64.8056,43
176,64.8056,52
176,64.8056,64
176,64.8056,19
176,60.8175,41
176,60.8175,58
176,60.8175,47
176,60.8175,43
176,60.8175,33
176,60.8175,44
176,60.8175,43
176,60.8175,43
176,60.8175,39
176,60.8175,34
176,60.8175,40
176,60.8175,40
176,60.8175,39
176,60.8175,41
176,60.8175,45
176,60.8175,40
176,60.8175,39
176,60.8175,43
176,60.8175,43
176,60.8175,40
176,60.8175,46
176,60.8175,39
176,60.8175,43
176,60.8175,43
176,60.8175,47
176,60.8175,44
176,60.8175,37
176,60.8175,41
176,60.8175,33
176,60.8175,72
176,60.3363,42
176,60.3363,46
176,60.3363,37
176,60.3363,44
176,60.3363,41
176,60.3363,33
176,60.3363,43
176,60.3363,43
176,60.3363,39
176,60.3363,50
176,60.3363,45
176,60.3363,39
176,60.3363,40
176,60.3363,42
176,60.3363,40
176,60.3363,33
176,60.3363,42
176,60.3363,44
176,60.3363,44
176,60.3363,41
176,60.3363,44
176,60.3363,44
176,60.3363,44
176,60.3363,60
176,60.3363,51
176,60.3363,45
176,60.3363,42
176,60.3363,40
176,60.3363,32
176,60.3363,39
176,59.9401,33
176,59.9401,41
176,59.9401,39
176,59.9401,37
176,59.9401,39
176,59.9401,38
176,59.9401,32
176,59.9401,43
176,59.9401,44
176,59.9401,36
176,59.9401,39
176,59.9401,36
176,59.9401,38
176,59.9401,47
176,59.9401,39
176,59.9401,37
176,59.9401,42
176,59.9401,37
176,59.9401,40
176,59.9401,42
176,59.9401,40
176,59.9401,38
176,59.9401,39
176,59.9401,33
176,59.9401,39
176,59.9401,45
176,59.9401,40
176,59.9401,36
176,59.9401,33
176,59.9401,37
176,59.8205,39
176,59.8205,41
176,59.8205,40
176,59.8205,38
176,59.8205,38
176,59.8205,46
176,59.8205,43
176,59.8205,45
176,59.8205,35
176,59.8205,45
176,59.8205,40
176,59.8205,40
176,59.8205,37
176,59.8205,40
176,59.8205,43
176,59.8205,44
176,59.8205,42
176,59.8205,43
176,59.8205,40
176,59.8205,42
176,59.8205,46
176,59.8205,41
176,59.8205,43
176,59.8205,36
176,59.8205,41
176,59.8205,42
176,59.8205,38
176,59.8205,43
176,59.8205,43
176,59.8205,29
176,59.8205,42
176,59.9803,42
176,59.9803,38
176,59.9803,40
176,59.9803,39
176,59.9803,36
176,59.9803,42
176,59.9803,40
176,59.9803,37
176,59.9803,41
176,59.9803,41
176,59.9803,39
176,59.9803,46
176,59.9803,45
176,59.9803,39
176,59.9803,46
176,59.9803,45
176,59.9803,43
176,59.9803,41
176,59.9803,37
176,59.9803,42
176,59.9803,41
176,59.9803,32
176,59.9803,39
176,59.9803,40
176,59.9803,36
176,59.9803,38
176,59.9803,36
176,59.9803,30
176,59.9803,38
176,59.9803,34
176,60.0394,32
176,60.0394,37
176,60.0394,71
176,60.0394,42
176,60.0394,42
176,60.0394,45
176,60.0394,43
176,60.0394,39
176,60.0394,40
176,60.0394,45
176,60.0394,37
176,60.0394,40
176,60.0394,44
176,60.0394,41
176,60.0394,44
176,60.0394,44
176,60.0394,39
176,60.0394,46
176,60.0394,57
176,60.0394,42
176,60.0394,41
176,60.0394,45
176,60.0394,33
176,60.0394,43
176,60.0394,46
176,60.0394,42
176,60.0394,39
176,60.0394,37
176,60.0394,39
176,60.0394,37
176,59.9401,40
176,59.9401,40
176,59.9401,40
176,59.9401,40
176,59.9401,31
176,59.9401,41
176,59.9401,39
176,59.9401,38
176,59.9401,39
176,59.9401,23
176,59.9401,40
176,59.9401,39
176,59.9401,37
176,59.9401,43
176,59.9401,46
176,59.9401,34
176,59.9401,44
176,59.9401,45
176,59.9401,37
176,59.9401,42
176,59.9401,37
176,59.9401,46
176,59.9401,45
176,59.9401,43
176,59.9401,59
176,59.9401,44
176,59.9401,37
176,59.9401,38
176,59.9401,33
176,59.9401,38
176,59.9401,41
176,60.2767,34
176,60.2767,38
176,60.2767,31
176,60.2767,44
176,60.2767,43
176,60.2767,42
176,60.2767,47
176,60.2767,38
176,60.2767,39
176,60.2767,51
176,60.2767,39
176,60.2767,38
176,60.2767,42
176,60.2767,36
176,60.2767,34
176,60.2767,37
176,60.2767,40
176,60.2767,39
176,60.2767,41
176,60.2767,44
176,60.2767,33
176,60.2767,44
176,60.2767,40
176,60.2767,41
176,60.2767,45
176,60.2767,43
176,60.2767,40
176,60.2767,39
176,60.2767,36
176,60.2767,35
176,59.9803,61
176,59.9803,52
176,59.9803,44
176,59.9803,44
176,59.9803,39
176,59.9803,38
176,59.9803,38
176,59.9803,35
176,59.9803,43
176,59.9803,38
176,59.9803,39
176,59.9803,42
176,59.9803,34
176,59.9803,40
176,59.9803,35
176,59.9803,37
176,59.9803,38
176,59.9803,36
176,59.9803,39
176,59.9803,38
176,59.9803,41
176,59.9803,43
176,59.9803,44
176,59.9803,44
176,59.9803,35
176,59.9803,37
176,59.9803,36
176,59.9803,41
176,59.9803,41
176,59.9803,42
176,59.761,36
176,59.761,43
176,59.761,38
176,59.761,38
176,59.761,39
176,59.761,44
176,59.761,42
176,59.761,36
176,59.761,38
176,59.761,34
176,59.761,33
176,59.761,46
176,59.761,42
176,59.761,41
176,59.761,41
176,59.761,45
176,59.761,43
176,59.761,45
176,59.761,41
176,59.761,40
176,59.761,41
176,59.761,45
176,59.761,42
176,59.761,50
176,59.761,48
176,59.761,45
176,59.761,20
176,59.761,47
176,59.761,48
176,59.761,50
176,59.761,43
176,60.2172,43
176,60.2172,43
176,60.2172,39
176,60.2172,38
176,60.2172,38
176,60.2172,20
176,60.2172,36
176,60.2172,38
176,60.2172,38
176,60.2172,42
176,60.2172,40
176,60.2172,37
176,60.2172,40
176,60.2172,29
176,60.2172,38
176,60.2172,40
176,60.2172,38
176,60.2172,37
176,60.2172,52
176,60.2172,47
176,60.2172,39
176,60.2172,40
176,60.2172,36
176,60.2172,41
176,60.2172,42
176,60.2172,44
176,60.2172,48
176,60.2172,47
176,60.2172,48
176,60.2172,40
176,59.8205,36
176,59.8205,37
176,59.8205,38
176,59.8205,38
176,59.8205,39
176,59.8205,39
176,59.8205,38
176,59.8205,43
176,59.8205,42
176,59.8205,37
176,59.8205,43
176,59.8205,40
176,59.8205,46
176,59.8205,41
176,59.8205,37
176,59.8205,40
176,59.8205,42
176,59.8205,41
176,59.8205,39
176,59.8205,41
176,59.8205,34
176,59.8205,36
176,59.8205,46
176,59.8205,43
176,59.8205,41
176,59.8205,32
176,59.8205,37
176,59.8205,33
176,59.8205,37
176,59.8205,40
176,59.9803,36
176,59.9803,38
176,59.9803,43
176,59.9803,38
176,59.9803,39
176,59.9803,42
176,59.9803,47
176,59.9803,34
176,59.9803,41
176,59.9803,36
176,59.9803,41
176,59.9803,38
176,59.9803,44
176,59.9803,39
176,59.9803,41
176,59.9803,34
176,59.9803,39
176,59.9803,49
176,59.9803,40
176,59.9803,33
176,59.9803,39
176,59.9803,40
176,59.9803,42
176,59.9803,38
176,59.9803,43
176,59.9803,42
176,59.9803,43
176,59.9803,43
176,59.9803,40
176,59.9803,39
176,59.9803,47
176,59.9803,38
176,59.9803,47
176,59.9803,39
176,59.9803,41
176,59.9803,43
176,59.9803,33
176,59.9803,40
176,59.9803,33
176,59.9803,40
176,59.9803,42
176,59.9803,33
176,59.9803,42
176,59.9803,38
176,59.9803,36
176,59.9803,39
176,59.9803,40
176,59.9803,40
176,59.9803,34
176,59.9803,32
176,59.9803,39
176,59.9803,41
176,59.9803,40
176,59.9803,40
176,59.9803,43
176,59.9803,43
176,59.9803,39
176,59.9803,47
176,59.9803,42
176,59.9803,39
176,59.9803,49
176,59.9803,43
176,59.9803,39
176,59.9803,36
176,59.9803,37
176,59.9803,44
176,59.9803,40
176,59.9803,42
176,59.9803,36
176,59.9803,43
176,59.9803,39
176,59.9803,38
176,59.9803,36
176,59.9803,39
176,59.9803,37
176,59.9803,33
176,59.9803,43
176,59.9803,42
176,59.9803,39
176,59.9803,43
176,59.9803,42
176,59.9803,38
176,59.9803,46
176,59.9803,40
176,59.9803,39
176,59.9803,41
176,59.9803,43
176,59.9803,43
176,59.9803,48
176,59.9803,39
176,59.9803,44
176,59.9803,45
176,60.2767,38
176,60.2767,36
176,60.2767,36
176,60.2767,42
176,60.2767,47
176,60.2767,49
176,60.2767,42
176,60.2767,40
176,60.2767,45
176,60.2767,41
176,60.2767,44
176,60.2767,36
176,60.2767,41
176,60.2767,40
176,60.2767,49
176,60.2767,39
176,60.2767,42
176,60.2767,49
176,60.2767,41
176,60.2767,37
176,60.2767,31
176,60.2767,47
176,60.2767,38
176,60.2767,32
176,60.2767,43
176,60.2767,43
176,60.2767,40
176,60.2767,35
176,60.2767,36
176,60.2767,45
176,59.761,43
176,59.761,38
176,59.761,40
176,59.761,47
176,59.761,40
176,59.761,42
176,59.761,46
176,59.761,40
176,59.761,47
176,59.761,41
176,59.761,42
176,59.761,46
176,59.761,38
176,59.761,43
176,59.761,41
176,59.761,38
176,59.761,40
176,59.761,39
176,59.761,42
176,59.761,42
176,59.761,39
176,59.761,39
176,59.761,38
176,59.761,41
176,59.761,37
176,59.761,40
176,59.761,43
176,59.761,39
176,59.761,42
176,59.761,35
176,60.2172,43
176,60.2172,46
176,60.2172,43
176,60.2172,47
176,60.2172,35
176,60.2172,30
176,60.2172,37
176,60.2172,57
176,60.2172,38
176,60.2172,38
176,60.2172,35
176,60.2172,43
176,60.2172,41
176,60.2172,33
176,60.2172,40
176,60.2172,37
176,60.2172,42
176,60.2172,42
176,60.2172,41
176,60.2172,42
176,60.2172,39
176,60.2172,38
176,60.2172,37
176,60.2172,37
176,60.2172,42
176,60.2172,34
176,60.2172,42
176,60.2172,39
176,60.2172,38
176,60.2172,39
176,59.761,40
176,59.761,38
176,59.761,41
176,59.761,35
176,59.761,36
176,59.761,42
176,59.761,37
176,59.761,39
176,59.761,41
176,59.761,34
176,59.761,43
176,59.761,38
176,59.761,36
176,59.761,44
176,59.761,51
176,59.761,41
176,59.761,32
176,59.761,43
176,59.761,45
176,59.761,43
176,59.761,45
176,59.761,46
176,59.761,42
176,59.761,39
176,59.761,39
176,59.761,42
176,59.761,40
176,59.761,45
176,59.761,37
176,59.761,38
176,59.761,42
176,60.2172,39
176,60.2172,36
176,60.2172,41
176,60.2172,37
176,60.2172,43
176,60.2172,37
176,60.2172,34
176,60.2172,40
176,60.2172,37
176,60.2172,36
176,60.2172,35
176,60.2172,39
176,60.2172,44
176,60.2172,40
176,60.2172,41
176,60.2172,40
176,60.2172,39
176,60.2172,38
176,60.2172,41
176,60.2172,44
176,60.2172,57
176,60.2172,56
176,60.2172,55
176,60.2172,56
176,60.2172,43
176,60.2172,52
176,60.2172,41
176,60.2172,44
176,60.2172,36
176,60.2172,40
176,60.0394,40
176,60.0394,27
176,60.0394,33
176,60.0394,40
176,60.0394,37
176,60.0394,39
176,60.0394,39
176,60.0394,39
176,60.0394,32
176,60.0394,38
176,60.0394,40
176,60.0394,45
176,60.0394,43
176,60.0394,41
176,60.0394,32
176,60.0394,41
176,60.0394,42
176,60.0394,36
176,60.0394,33
176,60.0394,41
176,60.0394,41
176,60.0394,42
176,60.0394,41
176,60.0394,36
176,60.0394,40
176,60.0394,51
176,60.0394,38
176,60.0394,53
176,60.0394,42
176,60.0394,39
176,59.761,33
176,59.761,52
176,59.761,40
176,59.761,33
176,59.761,34
176,59.761,41
176,59.761,42
176,59.761,39
176,59.761,37
176,59.761,33
176,59.761,38
176,59.761,42
176,59.761,39
176,59.761,42
176,59.761,33
176,59.761,34
176,59.761,37
176,59.761,35
176,59.761,38
176,59.761,35
176,59.761,39
176,59.761,37
176,59.761,38
176,59.761,38
176,59.761,38
176,59.761,41
176,59.761,33
176,59.761,46
176,59.761,40
176,59.761,30
176,59.761,40
176,59.9803,41
176,59.9803,34
176,59.9803,47
176,59.9803,40
176,59.9803,38
176,59.9803,37
176,59.9803,33
176,59.9803,41
176,59.9803,38
176,59.9803,35
176,59.9803,31
176,59.9803,37
176,59.9803,39
176,59.9803,48
176,59.9803,44
176,59.9803,41
176,59.9803,41
176,59.9803,48
176,59.9803,47
176,59.9803,45
176,59.9803,38
176,59.9803,37
176,59.9803,37
176,59.9803,38
176,59.9803,38
176,59.9803,42
176,59.9803,39
176,59.9803,41
176,59.9803,36
176,59.9803,38
176,60.0394,34
176,60.0394,33
176,60.0394,34
176,60.0394,34
176,60.0394,34
176,60.0394,40
176,60.0394,43
176,60.0394,41
176,60.0394,39
176,60.0394,41
176,60.0394,45
176,60.0394,43
176,60.0394,41
176,60.0394,41
176,60.0394,39
176,60.0394,44
176,60.0394,31
176,60.0394,51
176,60.0394,41
176,60.0394,37
176,60.0394,39
176,60.0394,33
176,60.0394,39
176,60.0394,41
176,60.0394,36
176,60.0394,34
176,60.0394,40
176,60.0394,43
176,60.0394,44
176,60.0394,40
176,60.0394,42
176,59.9803,37
176,59.9803,40
176,59.9803,45
176,59.9803,42
176,59.9803,37
176,59.9803,30
176,59.9803,34
176,59.9803,33
176,59.9803,39
176,59.9803,41
176,59.9803,40
176,59.9803,42
176,59.9803,46
176,59.9803,37
176,59.9803,34
176,59.9803,38
176,59.9803,34
176,59.9803,41
176,59.9803,39
176,59.9803,39
176,59.9803,42
176,59.9803,35
176,59.9803,41
176,59.9803,39
176,59.9803,40
176,59.9803,42
176,59.9803,41
176,59.9803,40
176,59.9803,45
176,59.9803,40
176,60.2172,42
176,60.2172,39
176,60.2172,45
176,60.2172,34
176,60.2172,33
176,60.2172,31
176,60.2172,34
176,60.2172,36
176,60.2172,33
176,60.2172,42
176,60.2172,43
176,60.2172,44
176,60.2172,45
176,60.2172,37
176,60.2172,40
176,60.2172,41
176,60.2172,42
176,60.2172,44
176,60.2172,44
176,60.2172,39
176,60.2172,35
176,60.2172,46
176,60.2172,35
176,60.2172,25
176,60.2172,46
176,60.2172,38
176,60.2172,38
176,60.2172,44
176,60.2172,41
176,60.2172,34
176,59.8205,38
176,59.8205,42
176,59.8205,40
176,59.8205,42
176,59.8205,49
176,59.8205,35
176,59.8205,34
176,59.8205,42
176,59.8205,39
176,59.8205,37
176,59.8205,34
176,59.8205,43
176,59.8205,41
176,59.8205,41
176,59.8205,41
176,59.8205,43
176,59.8205,33
176,59.8205,34
176,59.8205,39
176,59.8205,34
176,59.8205,45
176,59.8205,41
176,59.8205,40
176,59.8205,34
176,59.8205,36
176,59.8205,61
176,59.8205,31
176,59.8205,33
176,59.8205,45
176,59.8205,37
176,59.8205,41
176,60.1578,45
176,60.1578,49
176,60.1578,43
176,60.1578,60
176,60.1578,39
176,60.1578,41
176,60.1578,42
176,60.1578,38
176,60.1578,35
176,60.1578,48
176,60.1578,43
176,60.1578,42
176,60.1578,32
176,60.1578,39
176,60.1578,43
176,60.1578,44
176,60.1578,44
176,60.1578,41
176,60.1578,45
176,60.1578,43
176,60.1578,45
176,60.1578,38
176,60.1578,42
176,60.1578,31
176,60.1578,42
176,60.1578,55
176,60.1578,40
176,60.1578,43
176,60.1578,43
176,60.1578,37
176,59.8626,33
176,59.8626,42
176,59.8626,38
176,59.8626,37
176,59.8626,36
176,59.8626,39
176,59.8626,45
176,59.8626,36
176,59.8626,37
176,59.8626,33
176,59.8626,22
176,59.8626,40
176,59.8626,39
176,59.8626,38
176,59.8626,37
176,59.8626,36
176,59.8626,39
176,59.8626,42
176,59.8626,65
176,59.8626,35
176,59.8626,39
176,59.8626,36
176,59.8626,37
176,59.8626,34
176,59.8626,39
176,59.8626,37
176,59.8626,39
176,59.8626,41
176,59.8626,38
176,59.8626,35
176,59.8626,33
176,60.0394,41
176,60.0394,42
176,60.0394,40
176,60.0394,43
176,60.0394,38
176,60.0394,45
176,60.0394,25
176,60.0394,35
176,60.0394,49
176,60.0394,37
176,60.0394,25
176,60.0394,34
176,60.0394,39
176,60.0394,34
176,60.0394,43
176,60.0394,41
176,60.0394,42
176,60.0394,59
176,60.0394,58
176,60.0394,64
176,60.0394,47
176,60.0394,61
176,60.0394,66
176,60.0394,44
176,60.0394,44
176,60.0394,42
176,60.0394,42
176,60.0394,42
176,60.0394,43
176,60.0394,37
176,59.9214,40
176,59.9214,37
176,59.9214,46
176,59.9214,33
176,59.9214,39
176,59.9214,43
176,59.9214,44
176,59.9214,43
176,59.9214,42
176,59.9214,40
176,59.9214,34
176,59.9214,36
176,59.9214,41
176,59.9214,42
176,59.9214,40
176,59.9214,41
176,59.9214,43
176,59.9214,46
176,59.9214,37
176,59.9214,39
176,59.9214,24
176,59.9214,41
176,59.9214,37
176,59.9214,39
176,59.9214,41
176,59.9214,35
176,59.9214,39
176,59.9214,45
176,59.9214,32
176,59.9214,41
176,59.9214,40
176,60.2172,35
176,60.2172,43
176,60.2172,48
176,60.2172,42
176,60.2172,44
176,60.2172,39
176,60.2172,36
176,60.2172,37
176,60.2172,36
176,60.2172,42
176,60.2172,36
176,60.2172,35
176,60.2172,38
176,60.2172,38
176,60.2172,38
176,60.2172,44
176,60.2172,38
176,60.2172,32
176,60.2172,41
176,60.2172,40
176,60.2172,42
176,60.2172,43
176,60.2172,44
176,60.2172,35
176,60.2172,42
176,60.2172,33
176,60.2172,41
176,60.2172,36
176,60.2172,34
176,60.2172,38
176,59.9401,38
176,59.9401,38
176,59.9401,35
176,59.9401,34
176,59.9401,40
176,59.9401,41
176,59.9401,34
176,59.9401,48
176,59.9401,43
176,59.9401,46
176,59.9401,38
176,59.9401,32
176,59.9401,32
176,59.9401,36
176,59.9401,45
176,59.9401,43
176,59.9401,50
176,59.9401,38
176,59.9401,57
176,59.9401,43
176,59.9401,34
176,59.9401,34
176,59.9401,36
176,59.9401,41
176,59.9401,42
176,59.9401,44
176,59.9401,39
176,59.9401,45
176,59.9401,41
176,59.9401,36
176,59.8626,39
176,59.8626,43
176,59.8626,31
176,59.8626,35
176,59.8626,38
176,59.8626,44
176,59.8626,41
176,59.8626,41
176,59.8626,36
176,59.8626,40
176,59.8626,44
176,59.8626,41
176,59.8626,46
176,59.8626,46
176,59.8626,33
176,59.8626,35
176,59.8626,42
176,59.8626,37
176,59.8626,48
176,59.8626,43
176,59.8626,42
176,59.8626,33
176,59.8626,31
176,59.8626,40
176,59.8626,60
176,59.8626,31
176,59.8626,37
176,59.8626,41
176,59.8626,36
176,59.8626,36
176,59.8626,42
176,60.2172,107
176,60.2172,34
176,60.2172,29
176,60.2172,34
176,60.2172,47
176,60.2172,40
176,60.2172,31
176,60.2172,35
176,60.2172,42
176,60.2172,43
176,60.2172,43
176,60.2172,34
176,60.2172,30
176,60.2172,36
176,60.2172,37
176,60.2172,48
176,60.2172,42
176,60.2172,45
