0,0,1366
0,0,998
0,0,1231
0,0,2546
0,0,2554
0,0,2636
0,0,2601
0,0,2433
0,0,1033
0,0,2604
0,0,1563
0,0,2678
0,0,1645
0,0,2635
0,0,1558
0,0,2548
0,0,2049
0,0,1926
0,0,2545
0,0,1978
0,0,2627
0,0,2486
0,0,2712
0,44.0313,2648
0,44.0313,2624
0,44.0313,2355
0,44.0313,2474
0,44.0313,2302
0,44.0313,2449
0,44.0313,2431
0,44.0313,2439
0,44.0313,1363
0,44.0313,1700
0,44.0313,2647
0,44.0313,2446
0,44.0313,2456
0,44.0313,2420
0,44.0313,2523
0,44.0313,2510
0,44.0313,2582
0,44.0313,2589
0,44.0313,2186
0,44.0313,2626
0,44.0313,2622
0,44.0313,1734
0,44.0313,1332
0,44.0313,1326
0,44.0313,2114
0,44.0313,2485
0,44.0313,2624
0,44.0313,2624
0,44.0313,2117
0,44.0313,2654
0,60.396,2504
0,60.396,2579
0,60.396,2594
0,60.396,2608
0,60.396,2616
0,60.396,2599
0,60.396,1648
0,60.396,1348
0,60.396,2620
0,60.396,2650
0,60.396,1783
0,60.396,2447
0,60.396,2472
0,60.396,2149
0,60.396,2172
0,60.396,2182
0,60.396,2626
0,60.396,1700
0,60.396,2601
0,60.396,2648
0,60.396,2480
0,60.396,2482
0,60.396,2192
0,60.396,1419
0,60.396,2685
0,60.396,1763
0,60.396,2571
0,60.396,2525
0,60.396,2176
0,60.396,2729
0,60.396,2183
0,59.6869,2286
0,59.6869,2646
0,59.6869,2661
0,59.6869,2151
0,59.6869,2542
0,59.6869,2665
0,59.6869,2163
0,59.6869,2428
0,59.6869,2142
0,59.6869,1021
0,59.6869,1015
0,59.6869,1101
0,59.6869,1034
0,59.6869,1106
0,59.6869,1143
0,59.6869,1021
0,59.6869,1153
0,59.6869,1442
0,59.6869,2564
0,59.6869,2560
0,59.6869,2187
0,59.6869,2614
0,59.6869,2659
0,59.6869,2446
0,59.6869,2616
0,59.6869,1658
0,59.6869,2345
0,59.6869,2526
0,59.6869,2531
0,59.6869,2454
0,60.9391,2558
0,60.9391,2559
0,60.9391,2133
0,60.9391,2505
0,60.9391,2535
0,60.9391,2547
0,60.9391,2122
0,60.9391,2549
0,60.9391,2453
0,60.9391,1352
0,60.9391,2089
0,60.9391,2457
0,60.9391,1495
0,60.9391,2544
0,60.9391,1653
0,60.9391,2550
0,60.9391,2429
0,60.9391,2540
0,60.9391,2126
0,60.9391,1629
0,60.9391,2135
0,60.9391,1940
0,60.9391,2006
0,60.9391,2446
0,60.9391,1311
0,60.9391,1297
0,60.9391,1909
0,60.9391,1318
0,60.9391,2556
0,60.9391,1313
0,59.9401,1279
0,59.9401,2257
0,59.9401,2108
0,59.9401,2510
0,59.9401,2114
0,59.9401,2438
0,59.9401,1397
0,59.9401,2050
0,59.9401,2344
0,59.9401,2420
0,59.9401,2535
0,59.9401,1813
0,59.9401,2543
0,59.9401,1292
0,59.9401,2403
0,59.9401,1367
0,59.9401,2464
0,59.9401,1662
0,59.9401,2127
0,59.9401,1325
0,59.9401,2448
0,59.9401,2126
0,59.9401,2415
0,59.9401,2423
0,59.9401,2423
0,59.9401,2113
0,59.9401,2512
0,59.9401,2405
0,59.9401,2010
0,59.9401,2417
0,59.9401,1665
0,59.8039,2419
0,59.8039,2413
0,59.8039,2082
0,59.8039,2540
0,59.8039,2418
0,59.8039,2513
0,59.8039,2438
0,59.8039,2530
0,59.8039,2499
0,59.8039,2422
0,59.8039,1798
0,59.8039,1435
0,59.8039,1345
0,59.8039,2542
0,59.8039,1366
0,59.8039,1368
0,59.8039,2502
0,59.8039,1308
0,59.8039,2539
0,59.8039,1336
0,59.8039,2335
0,59.8039,1360
0,59.8039,1359
0,59.8039,2521
0,59.8039,2428
22,59.8039,4536
22,59.8039,5401
22,59.8039,5291
22,59.8039,5078
22,58.9411,5118
22,58.9411,5121
22,58.9411,5109
22,58.9411,2915
22,58.9411,2950
22,58.9411,3982
22,58.9411,4105
22,58.9411,2901
22,58.9411,5043
22,58.9411,2958
22,58.9411,3874
22,58.9411,2895
22,58.9411,4943
22,58.9411,4245
22,58.9411,4593
22,58.9411,4240
22,58.9411,2870
22,58.9411,3565
22,58.9411,2973
22,58.9411,5028
22,58.9411,5070
22,58.9411,3688
22,58.9411,4327
22,58.9411,4642
22,58.9411,4989
22,58.9411,4265
22,58.9411,2911
22,58.9411,5019
22,58.9411,4532
22,58.9411,4303
22,58.9411,4185
22,59.9803,4616
22,59.9803,2911
22,59.9803,4906
22,59.9803,4137
22,59.9803,4165
22,59.9803,4212
22,59.9803,4919
22,59.9803,4025
22,59.9803,4511
22,59.9803,4631
22,59.9803,4934
22,59.9803,4198
22,59.9803,4147
22,59.9803,4755
22,59.9803,5042
22,59.9803,2980
22,59.9803,2938
22,59.9803,3418
22,59.9803,5016
22,59.9803,4076
22,59.9803,5099
22,59.9803,4225
22,59.9803,4198
22,59.9803,4938
22,59.9803,4261
22,59.9803,3046
22,59.9803,5684
22,59.9803,5760
22,59.9803,4929
22,59.9803,5379
22,60.6965,5648
22,60.6965,5249
22,60.6965,4432
22,60.6965,5379
22,60.6965,5183
22,60.6965,5607
22,60.6965,5176
22,60.6965,2678
22,60.6965,5098
22,60.6965,4434
22,60.6965,5027
22,60.6965,5023
22,60.6965,5127
22,60.6965,5501
22,60.6965,5660
22,60.6965,5676
22,60.6965,5360
22,60.6965,5134
22,60.6965,5074
22,60.6965,5141
22,60.6965,4750
22,60.6965,4029
22,60.6965,5020
22,60.6965,5182
22,60.6965,5570
22,60.6965,5217
22,60.6965,4590
22,60.6965,5148
22,60.6965,5115
22,60.6965,4708
22,60.6965,4683
22,61.8146,3967
22,61.8146,4865
22,61.8146,3384
22,61.8146,5587
22,61.8146,5285
22,61.8146,5121
22,61.8146,5090
22,61.8146,3194
22,61.8146,5226
22,61.8146,5474
22,61.8146,5353
22,61.8146,5132
22,61.8146,5112
22,61.8146,5112
22,61.8146,3258
22,61.8146,5194
22,61.8146,5450
22,61.8146,5547
22,61.8146,5530
22,61.8146,5434
22,61.8146,4337
22,61.8146,2643
22,61.8146,2959
22,61.8146,5472
22,61.8146,5662
22,61.8146,3955
22,61.8146,5115
22,61.8146,5408
22,61.8146,5660
22,61.8146,5254
22,61.8146,5095
22,61.8146,5107
22,63.6816,4711
22,63.6816,3943
22,63.6816,4092
22,63.6816,4621
22,63.6816,4922
22,63.6816,4926
22,63.6816,4176
22,63.6816,4322
22,63.6816,5370
22,63.6816,5238
22,63.6816,5202
22,63.6816,5136
22,63.6816,4713
22,63.6816,5156
22,63.6816,4232
22,63.6816,4094
22,63.6816,5569
22,63.6816,5657
22,63.6816,5664
22,63.6816,4840
22,63.6816,5113
22,63.6816,5125
22,63.6816,5108
22,63.6816,3148
22,63.6816,5601
22,63.6816,5662
22,63.6816,5695
22,63.6816,5323
22,63.6816,5182
22,63.6816,5141
22,63.6816,5106
22,63.6816,3185
22,62.749,4600
22,62.749,5531
22,62.749,5641
22,62.749,5463
22,62.749,5357
22,62.749,5105
22,62.749,4050
22,62.749,2273
22,62.749,2401
22,62.749,3069
22,62.749,3077
22,62.749,2213
22,62.749,2517
22,62.749,2261
22,62.749,2275
22,62.749,2884
22,62.749,5216
22,62.749,5108
22,62.749,4695
22,62.749,4547
22,62.749,3200
22,62.749,5470
22,62.749,5305
22,62.749,4700
22,62.749,5107
22,62.749,3330
22,62.749,4165
22,62.749,4998
22,62.749,5509
22,62.749,5480
22,62.749,5207
22,62.749,4755
22,62.749,4273
22,64.5793,5070
22,64.5793,4635
22,64.5793,5657
22,64.5793,5414
22,64.5793,5345
22,64.5793,5111
22,64.5793,4312
22,64.5793,4750
22,64.5793,4113
22,64.5793,5045
22,64.5793,5385
22,64.5793,5153
22,64.5793,5484
22,64.5793,3188
22,64.5793,4115
22,64.5793,4719
22,64.5793,5420
22,64.5793,4914
22,64.5793,4579
22,64.5793,4545
22,64.5793,5582
22,64.5793,5712
22,64.5793,5209
22,64.5793,5129
22,64.5793,5110
22,64.5793,5180
22,64.5793,5070
22,64.5793,5297
22,64.5793,5652
22,64.5793,5503
22,64.5793,5205
22,64.5793,5145
22,63.745,5106
22,63.745,5106
22,63.745,5166
22,63.745,4295
22,63.745,5476
22,63.745,5432
22,63.745,4682
22,63.745,5129
22,63.745,5106
22,63.745,5116
22,63.745,5154
22,63.745,5310
22,63.745,5674
22,63.745,5687
22,63.745,5389
22,63.745,5317
22,63.745,5194
22,63.745,5134
22,63.745,4716
22,63.745,5147
22,63.745,5019
22,63.745,5432
22,63.745,5493
22,63.745,6276
22,63.745,5348
22,63.745,5087
22,63.745,5105
22,63.745,5102
22,63.745,5141
22,63.745,4565
22,63.745,4956
22,63.745,3267
22,63.745,4934
22,63.745,4596
22,63.745,4572
22,63.745,4518
22,63.745,4658
22,63.745,4473
22,63.745,4945
22,63.745,4341
22,63.745,4450
22,63.745,4584
22,63.745,4314
22,63.745,5058
22,63.745,4540
22,63.745,4445
22,63.745,4560
22,63.745,4588
22,63.745,4657
22,63.745,4522
22,63.745,4568
22,63.745,4536
22,63.745,4543
22,63.745,4671
22,63.745,5108
22,63.745,5446
22,63.745,5407
22,63.745,5316
22,63.745,5144
22,63.745,3598
22,63.745,4937
22,63.745,4621
22,63.745,3682
22,60.9037,4969
22,60.9037,4655
22,60.9037,4554
22,60.9037,5411
22,60.9037,5438
22,60.9037,5421
22,60.9037,5101
22,60.9037,5107
22,60.9037,5112
22,60.9037,5104
22,60.9037,4657
22,60.9037,4570
22,60.9037,5122
22,60.9037,4631
22,60.9037,4673
22,60.9037,5081
22,60.9037,4976
22,60.9037,3407
22,60.9037,4982
22,60.9037,3468
22,60.9037,5138
22,60.9037,5004
22,60.9037,4689
22,60.9037,4965
22,60.9037,5007
22,60.9037,4604
22,60.9037,4630
22,60.9037,4666
22,60.9037,4568
22,60.9037,5004
22,60.9037,5121
22,60.9037,3506
22,60.9037,3020
22,60.9037,2562
22,60.9037,5007
22,60.9037,4604
22,60.9037,4642
22,60.9037,4993
22,60.9037,4544
22,60.9037,4595
22,60.9037,4614
22,60.9037,4825
22,60.9037,4805
22,60.9037,2444
22,60.9037,2954
22,60.9037,3162
22,60.9037,4577
22,60.9037,4594
22,60.9037,4586
22,60.9037,4582
22,60.9037,4630
22,60.9037,4614
22,60.9037,4608
22,60.9037,4647
22,60.9037,3238
22,60.9037,4552
22,60.9037,4544
22,60.9037,4953
22,60.9037,4949
22,60.9037,4966
22,60.9037,4535
22,59.9401,3401
22,59.9401,4584
22,59.9401,4681
22,59.9401,4625
22,59.9401,4590
22,59.9401,5093
22,59.9401,4639
22,59.9401,4649
22,59.9401,4592
22,59.9401,5021
22,59.9401,4279
22,59.9401,4738
22,59.9401,4676
22,59.9401,4548
22,59.9401,4633
22,59.9401,4594
22,59.9401,4607
22,59.9401,4660
22,59.9401,3236
22,59.9401,4646
22,59.9401,4622
22,59.9401,4421
22,59.9401,4761
22,59.9401,4616
22,59.9401,4942
22,59.9401,4909
22,59.9401,4627
22,59.9401,4642
22,59.9401,4656
22,59.9401,4797
22,60.396,4558
22,60.396,4965
22,60.396,4603
22,60.396,3243
22,60.396,4606
22,60.396,3231
22,60.396,4401
22,60.396,5002
22,60.396,3270
22,60.396,4584
22,60.396,4589
22,60.396,4681
22,60.396,3300
22,60.396,4603
22,60.396,4649
22,60.396,2220
22,60.396,3152
22,60.396,4622
22,60.396,3270
22,60.396,5048
22,60.396,4586
44,60.396,2955
44,60.396,3014
44,60.396,3057
44,60.396,3023
44,60.396,3065
44,60.396,3010
44,52.8415,3384
44,52.8415,3007
44,52.8415,3172
44,52.8415,3004
44,52.8415,3139
44,52.8415,3039
44,52.8415,3203
44,52.8415,3012
44,52.8415,3217
44,52.8415,3044
44,52.8415,3152
44,52.8415,3011
44,52.8415,3518
44,52.8415,3011
44,52.8415,3278
44,52.8415,3048
44,52.8415,3211
44,52.8415,3055
44,52.8415,3148
44,52.8415,3011
44,52.8415,3517
44,52.8415,3011
44,52.8415,3122
44,52.8415,3012
44,47.952,3135
44,47.952,3015
44,47.952,3241
44,47.952,3078
44,47.952,3013
44,47.952,3066
44,47.952,4498
44,47.952,3316
44,47.952,5203
44,47.952,3163
44,47.952,3087
44,47.952,3126
44,47.952,3024
44,47.952,3066
44,47.952,3084
44,47.952,3116
44,47.952,3008
44,47.952,3080
44,47.952,3019
44,47.952,3076
44,47.952,3011
44,47.952,3091
44,47.952,3025
44,45.1423,3333
44,45.1423,3022
44,45.1423,3167
44,45.1423,3010
44,45.1423,3135
44,45.1423,3065
44,45.1423,3129
44,45.1423,3027
44,45.1423,3113
44,45.1423,3014
44,45.1423,3206
44,45.1423,3016
44,45.1423,3079
44,45.1423,3319
44,45.1423,3072
44,45.1423,2999
44,45.1423,3081
44,45.1423,3012
44,45.1423,3080
44,45.1423,3013
44,45.1423,3070
44,45.1423,3013
44,45.1423,3081
44,45.1423,3019
44,47.952,3071
44,47.952,3004
44,47.952,3205
44,47.952,3024
44,47.952,3181
44,47.952,3038
44,47.952,3315
44,47.952,3023
44,47.952,3054
44,47.952,3011
44,47.952,3103
44,47.952,3002
44,47.952,3289
44,47.952,3015
44,47.952,3097
44,47.952,3011
44,47.952,3348
44,47.952,3010
44,47.952,3312
44,47.952,3013
44,47.952,3167
44,47.952,3006
44,47.952,3286
44,47.952,3018
44,48.2283,3104
44,48.2283,3012
44,48.2283,3159
44,48.2283,3243
44,48.2283,3257
44,48.2283,3022
44,48.2283,3179
44,48.2283,3012
44,48.2283,3125
44,48.2283,3287
44,48.2283,3137
44,48.2283,3017
44,48.2283,3202
44,48.2283,3014
44,48.2283,3019
44,48.2283,3014
44,48.2283,3099
44,48.2283,3113
44,48.2283,3102
44,48.2283,3011
44,48.2283,3108
44,48.2283,3011
44,48.2283,3087
44,48.2283,3017
44,48.2283,3093
44,47.9452,3028
44,47.9452,3104
44,47.9452,3008
44,47.9452,3098
44,47.9452,3018
44,47.9452,3151
44,47.9452,3028
44,47.9452,3112
44,47.9452,3016
44,47.9452,3288
44,47.9452,3006
44,47.9452,3131
44,47.9452,3015
44,47.9452,3153
44,47.9452,3019
44,47.9452,3110
44,47.9452,3032
44,47.9452,3102
44,47.9452,3029
44,47.9452,3285
44,47.9452,3015
44,47.9452,3108
44,47.9452,3027
44,47.9452,3281
44,48.0864,3031
44,48.0864,3293
44,48.0864,3016
44,48.0864,3106
44,48.0864,3024
44,48.0864,3074
44,48.0864,3029
44,48.0864,3126
44,48.0864,3024
44,48.0864,3277
44,48.0864,3026
44,48.0864,3109
44,48.0864,3046
44,48.0864,3112
44,48.0864,3082
44,48.0864,3295
44,48.0864,3081
44,48.0864,3090
44,48.0864,3025
44,48.0864,3104
44,48.0864,3012
44,48.0864,3095
44,48.0864,3017
44,48.0864,3104
44,48.0864,3063
44,47.8983,3111
44,47.8983,3014
44,47.8983,3248
44,47.8983,3010
44,47.8983,3090
44,47.8983,3033
44,47.8983,3106
44,47.8983,3023
44,47.8983,3118
44,47.8983,3032
44,47.8983,3008
44,47.8983,3019
44,47.8983,3030
44,47.8983,3012
44,47.8983,3272
44,47.8983,3034
44,47.8983,3050
44,47.8983,3018
44,47.8983,3052
44,47.8983,3027
44,47.8983,3014
44,47.8983,3005
44,47.8983,3109
44,47.8983,3012
44,47.952,3079
44,47.952,3020
44,47.952,3108
44,47.952,3026
44,47.952,3110
44,47.952,3017
44,47.952,3101
44,47.952,3012
44,47.952,3304
44,47.952,3011
44,47.952,3078
44,47.952,3014
44,47.952,3106
44,47.952,3021
44,47.952,3145
44,47.952,3008
44,47.952,3098
44,47.952,3024
44,47.952,3064
44,47.952,3051
44,47.952,3135
44,47.952,3011
44,47.952,3122
44,47.952,3027
44,48.1336,3109
44,48.1336,3075
44,48.1336,3109
44,48.1336,3022
44,48.1336,3092
44,48.1336,3019
44,48.1336,3279
44,48.1336,3014
44,48.1336,3110
44,48.1336,3008
44,48.1336,3115
44,48.1336,3051
44,48.1336,3273
44,48.1336,3018
44,48.1336,3027
44,48.1336,3025
44,48.1336,3286
44,48.1336,3022
44,48.1336,3092
44,48.1336,2997
44,48.1336,3033
44,48.1336,3338
44,48.1336,3095
44,48.1336,3011
44,47.7612,3052
44,47.7612,3016
44,47.7612,3114
44,47.7612,3014
44,47.7612,3081
44,47.7612,3032
44,47.7612,3084
44,47.7612,3151
44,47.7612,3085
44,47.7612,3022
44,47.7612,3071
44,47.7612,3015
44,47.7612,3400
44,47.7612,3013
44,47.7612,3244
44,47.7612,3022
44,47.7612,3034
44,47.7612,3018
44,47.7612,3313
44,47.7612,3016
44,47.7612,3426
44,47.7612,3020
44,47.7612,3055
44,47.7612,3011
44,47.7612,3290
44,48.0392,3053
44,48.0392,3113
44,48.0392,3024
44,48.0392,3052
44,48.0392,3012
44,48.0392,3043
44,48.0392,2998
44,48.0392,3033
44,48.0392,3056
44,48.0392,3008
44,48.0392,3016
44,48.0392,3009
44,48.0392,3014
44,48.0392,3107
44,48.0392,3025
44,48.0392,3082
44,48.0392,3017
44,48.0392,3106
44,48.0392,3044
44,48.0392,3341
44,48.0392,2999
44,48.0392,3097
44,48.0392,3029
44,48.0392,3114
44,48.2283,3013
44,48.2283,3294
44,48.2283,3012
44,48.2283,3099
44,48.2283,3017
44,48.2283,3095
44,48.2283,3021
44,48.2283,3077
44,48.2283,3038
44,48.2283,3107
44,48.2283,3036
44,48.2283,3110
44,48.2283,3008
44,48.2283,3111
44,48.2283,3014
44,48.2283,3099
44,48.2283,3235
44,48.2283,3102
44,48.2283,3014
44,48.2283,3105
44,48.2283,3065
44,48.2283,3106
44,48.2283,3094
44,48.2283,3149
44,48.2283,3019
44,47.9452,3130
44,47.9452,3041
44,47.9452,3054
44,47.9452,3072
44,47.9452,3056
44,47.9452,3083
44,47.9452,3294
44,47.9452,3006
44,47.9452,3097
44,47.9452,3015
44,47.9452,3134
44,47.9452,3029
44,47.9452,3295
44,47.9452,3013
44,47.9452,3155
44,47.9452,3015
44,47.9452,3116
44,47.9452,3053
44,47.9452,3117
44,47.9452,3057
44,47.9452,3106
44,47.9452,3072
44,47.9452,3100
44,47.9452,3006
44,47.8088,3307
44,47.8088,3042
44,47.8088,3916
44,47.8088,3229
44,47.8088,3478
44,47.8088,3013
44,47.8088,3221
44,47.8088,3016
44,47.8088,3338
44,47.8088,3068
44,47.8088,3265
44,47.8088,3072
44,47.8088,3219
44,47.8088,3016
44,47.8088,3188
44,47.8088,3018
44,47.8088,3145
44,47.8088,3070
44,47.8088,3154
44,47.8088,3014
44,47.8088,3424
44,47.8088,3038
44,47.8088,3481
44,46.3054,3052
44,46.3054,3093
44,46.3054,3054
44,46.3054,3063
44,46.3054,3102
44,46.3054,3064
44,46.3054,3063
44,46.3054,3024
44,46.3054,3290
44,46.3054,3023
44,46.3054,3119
44,46.3054,3071
44,46.3054,3099
44,46.3054,3092
44,46.3054,3119
44,46.3054,3120
44,46.3054,3124
44,46.3054,3069
44,46.3054,3119
44,46.3054,3108
44,46.3054,3098
44,46.3054,3100
44,46.3054,3081
44,46.3054,3103
44,47.952,3155
44,47.952,3087
44,47.952,3118
44,47.952,3074
44,47.952,3110
44,47.952,3070
44,47.952,3118
44,47.952,3094
66,47.952,3398
66,47.952,3472
66,47.952,3462
66,47.952,3630
66,47.952,3566
66,47.952,3457
66,47.952,3559
66,47.952,3464
66,47.952,3468
66,47.952,3508
66,47.952,3528
66,36.2745,3527
66,36.2745,3459
66,36.2745,3766
66,36.2745,3485
66,36.2745,3461
66,36.2745,3512
66,36.2745,3469
66,36.2745,3538
66,36.2745,3461
66,36.2745,3503
66,36.2745,3465
66,36.2745,3641
66,36.2745,3741
66,36.2745,3462
66,36.2745,3547
66,36.2745,3478
66,32.0388,3545
66,32.0388,3463
66,32.0388,3636
66,32.0388,3533
66,32.0388,3464
66,32.0388,3617
66,32.0388,3460
66,32.0388,3480
66,32.0388,3455
66,32.0388,3706
66,32.0388,3510
66,32.0388,3453
66,32.0388,3863
66,32.0388,3462
66,32.0388,3461
66,32.0388,3523
66,32.0388,3470
66,32.3529,3545
66,32.3529,3451
66,32.3529,3627
66,32.3529,3711
66,32.3529,3466
66,32.3529,3559
66,32.3529,3815
66,32.3529,3722
66,32.3529,3440
66,32.3529,3758
66,32.3529,3444
66,32.3529,3468
66,32.3529,3538
66,32.3529,3459
66,32.3529,3505
66,32.3529,3458
66,32.3847,3662
66,32.3847,3556
66,32.3847,3491
66,32.3847,3729
66,32.3847,3465
66,32.3847,3758
66,32.3847,3454
66,32.3847,3524
66,32.3847,3459
66,32.3847,3577
66,32.3847,3490
66,32.3847,3622
66,32.3847,3549
66,32.3847,3450
66,32.3847,3778
66,32.3847,3543
66,32.3847,3447
66,32.2896,3889
66,32.2896,3455
66,32.2896,3464
66,32.2896,3543
66,32.2896,3475
66,32.2896,3528
66,32.2896,3453
66,32.2896,3584
66,32.2896,3749
66,32.2896,3460
66,32.2896,3621
66,32.2896,3469
66,32.2896,3476
66,32.2896,3528
66,32.2896,3472
66,32.2896,3553
66,32.4803,3524
66,32.4803,3743
66,32.4803,3523
66,32.4803,3602
66,32.4803,3765
66,32.4803,3471
66,32.4803,3469
66,32.4803,3525
66,32.4803,3462
66,32.4803,3703
66,32.4803,3494
66,32.4803,3730
66,32.4803,3461
66,32.4803,3488
66,32.4803,3915
66,32.4803,3520
66,32.4803,3501
66,32.1951,3517
66,32.1951,3459
66,32.1951,3520
66,32.1951,3468
66,32.1951,3608
66,32.1951,3458
66,32.1951,3776
66,32.1951,3458
66,32.1951,3453
66,32.1951,3884
66,32.1951,3449
66,32.1951,3462
66,32.1951,3513
66,32.1951,4672
66,32.1951,3539
66,32.1951,3517
66,31.2805,4186
66,31.2805,3525
66,31.2805,3499
66,31.2805,3469
66,31.2805,3460
66,31.2805,3769
66,31.2805,3452
66,31.2805,3454
66,31.2805,3642
66,31.2805,3519
66,31.2805,5507
66,31.2805,3466
66,31.2805,3733
66,31.2805,3528
66,31.2805,3528
66,31.2805,3817
66,31.7146,3491
66,31.7146,3588
66,31.7146,3635
66,31.7146,3577
66,31.7146,3479
66,31.7146,3638
66,31.7146,3465
66,31.7146,3724
66,31.7146,3523
66,31.7146,3447
66,31.7146,3801
66,31.7146,3450
66,31.7146,3713
66,31.7146,3459
66,31.7146,3459
66,31.7146,3813
66,32.3529,3464
66,32.3529,3527
66,32.3529,3533
66,32.3529,3544
66,32.3529,3548
66,32.3529,3449
66,32.3529,3506
66,32.3529,3453
66,32.3529,3450
66,32.3529,3849
66,32.3529,3455
66,32.3529,3476
66,32.3529,3566
66,32.3529,3455
66,32.3529,3496
66,32.3529,3502
66,32.3529,3609
66,32.3847,3469
66,32.3847,3520
66,32.3847,3882
66,32.3847,3501
66,32.3847,3485
66,32.3847,3559
66,32.3847,3496
66,32.3847,3452
66,32.3847,3475
66,32.3847,3527
66,32.3847,3468
66,32.3847,3468
66,32.3847,3504
66,32.3847,3463
66,32.3847,3731
66,32.3847,3727
66,32.3213,3554
66,32.3213,3466
66,32.3213,3457
66,32.3213,3461
66,32.3213,3664
66,32.3213,3461
66,32.3213,3492
66,32.3213,3504
66,32.3213,3459
66,32.3213,3576
66,32.3213,3518
66,32.3213,3471
66,32.3213,3455
66,32.3213,3461
66,32.3213,3779
66,32.3213,3497
66,32.3213,3705
66,32.2896,3459
66,32.2896,3548
66,32.2896,3459
66,32.2896,3492
66,32.2896,3553
66,32.2896,3454
66,32.2896,3720
66,32.2896,3529
66,32.2896,3530
66,32.2896,3529
66,32.2896,3460
66,32.2896,3786
66,32.2896,3504
66,32.2896,3578
66,32.2896,3512
66,32.2896,3462
66,32.3529,3464
66,32.3529,3460
66,32.3529,3513
66,32.3529,3461
66,32.3529,3736
66,32.3529,3507
66,32.3529,3476
66,32.3529,3527
66,32.3529,3518
66,32.3529,3543
66,32.3529,3446
66,32.3529,3505
66,32.3529,3480
66,32.3529,3710
66,32.3529,3454
66,32.3529,3524
66,32.3529,3474
66,32.1951,3503
66,32.1951,3570
66,32.1951,3495
66,32.1951,3678
66,32.1951,3451
66,32.1951,3569
66,32.1951,3585
66,32.1951,3539
66,32.1951,3724
66,32.1951,3477
66,32.1951,3461
66,32.1951,3451
66,32.1951,3465
66,32.1951,3725
66,32.1951,3466
66,32.1951,3709
66,32.4484,3525
66,32.4484,3460
66,32.4484,3482
66,32.4484,3473
66,32.4484,3691
66,32.4484,3452
66,32.4484,3699
66,32.4484,3863
66,32.4484,3458
66,32.4484,3715
66,32.4484,3605
66,32.4484,3455
66,32.4484,3469
66,32.4484,3444
66,32.4484,3535
66,32.4484,3467
66,32.4484,3708
66,32.3213,3544
66,32.3213,3466
66,32.3213,3468
66,32.3213,3474
66,32.3213,3519
66,32.3213,3447
66,32.3213,3569
66,32.3213,3846
66,32.3213,3440
66,32.3213,3533
66,32.3213,3468
66,32.3213,4465
66,32.3213,3586
66,32.3213,4366
66,32.3213,3739
66,32.3213,3462
66,31.3418,3717
66,31.3418,3541
66,31.3418,3455
66,31.3418,3732
66,31.3418,3524
66,31.3418,3470
66,31.3418,3459
66,31.3418,3449
66,31.3418,3519
66,31.3418,3474
66,31.3418,3732
66,31.3418,3666
66,31.3418,3559
66,31.3418,3555
66,31.3418,3511
66,31.3418,3701
66,32.4165,3457
66,32.4165,3829
66,32.4165,3669
66,32.4165,3457
66,32.4165,3460
66,32.4165,3458
66,32.4165,3619
66,32.4165,3495
66,32.4165,3704
66,32.4165,3563
66,32.4165,3456
66,32.4165,3477
66,32.4165,3523
66,32.4165,3508
66,32.4165,3454
66,32.4165,3573
66,32.4165,3563
66,32.2896,3463
66,32.2896,3546
66,32.2896,3710
66,32.2896,3472
66,32.2896,3544
66,32.2896,3846
66,32.2896,3463
66,32.2896,3721
66,32.2896,3521
66,32.2896,3475
66,32.2896,3476
66,32.2896,3562
66,32.2896,3504
66,32.2896,3458
66,32.2896,3596
66,32.2896,3578
66,32.5765,3474
66,32.5765,3465
66,32.5765,3548
66,32.5765,3548
66,32.5765,3532
66,32.5765,3712
66,32.5765,3594
66,32.5765,3455
66,32.5765,3531
66,32.5765,3601
66,32.5765,3461
66,32.5765,3627
66,32.5765,3658
66,32.5765,3505
66,32.5765,3485
66,32.5765,3534
66,32.5765,3461
66,32.4165,3465
66,32.4165,3703
66,32.4165,3616
66,32.4165,3463
66,32.4165,3547
66,32.4165,3655
66,32.4165,3462
66,32.4165,3740
66,32.4165,3704
66,32.4165,3474
66,32.4165,3465
66,32.4165,3538
66,32.4165,3476
66,32.4165,3469
66,32.4165,3730
66,32.4165,3789
66,32.5123,3504
66,32.5123,3467
66,32.5123,3518
66,32.5123,3566
66,32.5123,3454
66,32.5123,3732
66,32.5123,3521
66,32.5123,3461
66,32.5123,3635
66,32.5123,3768
66,32.5123,3446
66,32.5123,3469
66,32.5123,3540
66,32.5123,3457
66,32.5123,3460
66,32.5123,3463
66,32.5123,3578
66,32.2581,3456
66,32.2581,3469
66,32.2581,3539
66,32.2581,3610
66,32.2581,3455
66,32.2581,3452
66,32.2581,3514
66,32.2581,3496
66,32.2581,3469
66,32.2581,3719
66,32.2581,3448
88,32.2581,3576
88,32.2581,3723
88,32.2581,3673
88,32.2581,3656
88,29.0135,3762
88,29.0135,4080
88,29.0135,3665
88,29.0135,3671
88,29.0135,3773
88,29.0135,3674
88,29.0135,3661
88,29.0135,3755
88,29.0135,3722
88,29.0135,3737
88,29.0135,3852
88,29.0135,3757
88,29.0135,3686
88,25.5654,3943
88,25.5654,3869
88,25.5654,3698
88,25.5654,3714
88,25.5654,3753
88,25.5654,3676
88,25.5654,3695
88,25.5654,3942
88,25.5654,3676
88,25.5654,3676
88,25.5654,3655
88,25.5654,3826
88,25.5654,3718
88,25.5654,3710
88,25.5654,3730
88,25.5654,3665
88,25.5654,3688
88,25.5654,3751
88,25.5654,3669
88,25.5654,5323
88,25.5654,5572
88,25.5654,4892
88,25.5654,3743
88,25.5654,3920
88,25.5654,4734
88,23.8095,3661
88,23.8095,3698
88,23.8095,3669
88,23.8095,3770
88,23.8095,3866
88,23.8095,3664
88,23.8095,3662
88,23.8095,3764
88,23.8095,3670
88,23.8095,3868
88,23.8095,3672
88,23.8095,3734
88,23.8095,3693
88,25.2918,3674
88,25.2918,3907
88,25.2918,3735
88,25.2918,3724
88,25.2918,3667
88,25.2918,3770
88,25.2918,3683
88,25.2918,3698
88,25.2918,3812
88,25.2918,3682
88,25.2918,3663
88,25.2918,3661
88,25.2918,4099
88,25.4652,3662
88,25.4652,3672
88,25.4652,3736
88,25.4652,3703
88,25.4652,3656
88,25.4652,3691
88,25.4652,3666
88,25.4652,3696
88,25.4652,3704
88,25.4652,3659
88,25.4652,3726
88,25.4652,4721
88,25.4652,3673
88,25.3411,3660
88,25.3411,4040
88,25.3411,3689
88,25.3411,3719
88,25.3411,3742
88,25.3411,3847
88,25.3411,3696
88,25.3411,3705
88,25.3411,3748
88,25.3411,3663
88,25.3411,3663
88,25.3411,3819
88,25.3411,3674
88,25.4403,3682
88,25.4403,3643
88,25.4403,3888
88,25.4403,3695
88,25.4403,3658
88,25.4403,3746
88,25.4403,3682
88,25.4403,3691
88,25.4403,3705
88,25.4403,4193
88,25.4403,3677
88,25.4403,3659
88,25.4403,3846
88,25.4403,3683
88,25.4403,3666
88,25.4403,3673
88,25.4403,4107
88,25.4403,3674
88,25.4403,3670
88,25.4403,3786
88,25.4403,3712
88,25.4403,3688
88,25.4403,3659
88,25.4403,3868
88,25.4403,3669
88,25.4403,3670
88,25.4652,3763
88,25.4652,3762
88,25.4652,3665
88,25.4652,3786
88,25.4652,3686
88,25.4652,3663
88,25.4652,3663
88,25.4652,3807
88,25.4652,3681
88,25.4652,3727
88,25.4652,3818
88,25.4652,3661
88,25.4652,3671
88,25.5152,3673
88,25.5152,3735
88,25.5152,3671
88,25.5152,3666
88,25.5152,4055
88,25.5152,3681
88,25.5152,3661
88,25.5152,3783
88,25.5152,3660
88,25.5152,3694
88,25.5152,3661
88,25.5152,3864
88,25.5152,3692
88,25.4403,3656
88,25.4403,3672
88,25.4403,4049
88,25.4403,3662
88,25.4403,3672
88,25.4403,3994
88,25.4403,3681
88,25.4403,3678
88,25.4403,3653
88,25.4403,3880
88,25.4403,3669
88,25.4403,3760
88,25.4403,4101
88,25.4902,3654
88,25.4902,3662
88,25.4902,3841
88,25.4902,5438
88,25.4902,5559
88,25.4902,3735
88,25.4902,3840
88,25.4902,3692
88,25.4902,3661
88,25.4902,3651
88,25.4902,3673
88,25.4902,4819
88,23.976,3677
88,23.976,3711
88,23.976,3663
88,23.976,3794
88,23.976,3678
88,23.976,3669
88,23.976,3748
88,23.976,3871
88,23.976,3711
88,23.976,3673
88,23.976,3846
88,23.976,3745
88,23.976,3665
88,25.3659,3715
88,25.3659,3667
88,25.3659,3686
88,25.3659,3668
88,25.3659,4125
88,25.3659,3794
88,25.3659,3672
88,25.3659,3740
88,25.3659,3686
88,25.3659,3682
88,25.3659,3706
88,25.3659,3919
88,25.3659,3677
88,25.5152,3656
88,25.5152,3786
88,25.5152,3890
88,25.5152,3679
88,25.5152,3677
88,25.5152,3936
88,25.5152,3676
88,25.5152,3675
88,25.5152,3667
88,25.5152,3700
88,25.5152,3697
88,25.5152,3666
88,25.5152,3889
88,25.4403,3659
88,25.4403,3697
88,25.4403,3727
88,25.4403,3661
88,25.4403,3673
88,25.4403,3663
88,25.4403,4067
88,25.4403,3757
88,25.4403,3673
88,25.4403,3675
88,25.4403,3934
88,25.4403,3662
88,25.4403,3692
88,25.3906,3732
88,25.3906,3720
88,25.3906,3688
88,25.3906,3663
88,25.3906,4070
88,25.3906,3728
88,25.3906,3723
88,25.3906,3722
88,25.3906,3920
88,25.3906,3669
88,25.3906,3676
88,25.3906,3745
88,25.3906,3680
88,25.3659,3702
88,25.3659,3666
88,25.3659,4023
88,25.3659,3705
88,25.3659,3664
88,25.3659,3659
88,25.3659,3709
88,25.3659,3675
88,25.3659,3669
88,25.3659,3762
88,25.3659,3670
88,25.3659,3670
88,25.3659,3709
88,25.4154,3852
88,25.4154,3667
88,25.4154,3686
88,25.4154,3736
88,25.4154,3687
88,25.4154,3659
88,25.4154,3659
88,25.4154,4076
88,25.4154,3673
88,25.4154,3669
88,25.4154,3786
88,25.4154,3681
88,25.4154,3698
88,25.4154,3669
88,25.4154,3741
88,25.4154,3732
88,25.4154,3663
88,25.4154,3737
88,25.4154,4019
88,25.4154,3678
88,25.4154,3673
88,25.4154,4048
88,25.4154,3673
88,25.4154,3768
88,25.4154,3656
88,25.4154,4044
88,25.4154,3661
88,25.4154,3669
88,25.4154,3746
88,25.4154,3771
88,25.4154,3665
88,25.4154,3690
88,25.4154,3738
88,25.4154,3773
88,25.4154,3982
88,25.4154,3674
88,25.4154,3671
88,25.4154,3669
88,25.4154,4035
88,25.1451,3791
88,25.1451,3675
88,25.1451,3743
88,25.1451,3956
88,25.1451,4049
88,25.1451,3663
88,25.1451,3652
88,25.1451,3744
88,25.1451,3847
88,25.1451,3671
88,25.1451,3668
88,25.1451,3962
88,24.4858,3665
88,24.4858,3675
88,24.4858,3918
88,24.4858,3666
88,24.4858,3732
88,24.4858,3664
88,24.4858,3734
88,24.4858,3851
88,24.4858,3668
88,24.4858,3659
88,24.4858,3912
88,24.4858,3666
88,24.4858,3741
88,25.4154,3729
88,25.4154,3675
88,25.4154,3805
88,25.4154,3679
88,25.4154,3981
88,25.4154,3673
88,25.4154,3663
88,25.4154,3788
88,25.4154,3671
88,25.4154,3674
88,25.4154,4077
88,25.4154,3660
88,25.4154,3665
88,25.5403,3730
88,25.5403,3674
88,25.5403,3683
88,25.5403,3731
88,25.5403,4047
88,25.5403,3664
88,25.5403,3665
88,25.5403,3867
88,25.5403,3673
88,25.5403,3663
88,25.5403,3727
88,25.5403,3863
88,25.5403,3671
88,25.5403,3729
88,25.5403,3782
88,25.5403,3749
88,25.5403,3667
88,25.5403,4084
88,25.5403,3675
88,25.5403,3675
88,25.5403,3756
88,25.5403,3656
88,25.5403,3665
88,25.5403,3740
88,25.5403,3739
88,25.5403,3668
88,25.5403,3662
88,25.5403,4052
88,25.5403,3685
88,25.5403,3690
88,25.5403,3726
88,25.5403,3833
88,25.5403,3679
88,25.5403,3669
88,25.5403,3783
88,25.5403,3677
88,25.5403,3658
88,25.5403,3904
88,25.5403,3679
88,25.5152,3659
88,25.5152,3776
88,25.5152,4104
88,25.5152,4111
88,25.5152,3673
88,25.5152,3803
88,25.5152,3666
88,25.5152,3907
88,25.5152,4108
88,25.5152,3735
88,25.5152,3723
88,25.5152,3652
88,25.5152,3750
88,25.3659,3746
88,25.3659,3690
88,25.3659,3730
88,25.3659,3854
88,25.3659,3674
88,25.3659,3669
88,25.3659,3868
88,25.3659,3675
88,25.3659,3673
88,25.3659,3878
88,25.3659,3873
88,25.3659,3657
88,25.3659,3746
88,25.5906,3919
88,25.5906,3722
88,25.5906,3748
88,25.5906,3869
88,25.5906,3663
88,25.5906,3667
88,25.5906,4050
88,25.5906,3679
88,25.5906,3671
110,25.5906,3831
110,25.5906,4376
110,25.5906,3976
110,23.0105,3926
110,23.0105,3933
110,23.0105,4004
110,23.0105,4331
110,23.0105,3961
110,23.0105,3973
110,23.0105,3926
110,23.0105,3955
110,23.0105,3997
110,23.0105,4213
110,19.9601,3925
110,19.9601,4336
110,19.9601,3966
110,19.9601,4060
110,19.9601,3902
110,19.9601,3926
110,19.9601,3903
110,19.9601,3986
110,19.9601,4164
110,19.9601,3891
110,19.9601,4160
110,20.2312,3978
110,20.2312,3926
110,20.2312,3916
110,20.2312,4034
110,20.2312,3993
110,20.2312,4316
110,20.2312,4005
110,20.2312,3944
110,20.2312,4040
110,20.2312,3993
110,20.5279,4021
110,20.5279,4189
110,20.5279,4078
110,20.5279,4017
110,20.5279,4002
110,20.5279,4356
110,20.5279,4201
110,20.5279,3919
110,20.5279,3954
110,20.5279,3921
110,20.5279,4028
110,20.0573,7524
110,20.0573,4334
110,20.0573,3998
110,20.0573,4196
110,20.0573,3923
110,20.0573,3943
110,20.0573,3931
110,20.0573,4025
110,20.0573,4142
110,20.0573,3922
110,20.4082,4182
110,20.4082,3915
110,20.4082,3908
110,20.4082,3990
110,20.4082,4346
110,20.4082,3939
110,20.4082,3992
110,20.4082,3951
110,20.4082,3913
110,20.4082,4058
110,20.4082,3994
110,20.4479,4007
110,20.4479,4357
110,20.4479,3921
110,20.4479,4179
110,20.4479,3928
110,20.4479,3917
110,20.4479,3993
110,20.4479,4158
110,20.4479,3922
110,20.4479,4205
110,20.5681,3919
110,20.5681,3927
110,20.5681,4024
110,20.5681,3982
110,20.5681,4019
110,20.5681,4000
110,20.5681,4183
110,20.5681,3929
110,20.5681,4150
110,20.5681,3960
110,20.5681,3911
110,20.3686,4009
110,20.3686,4306
110,20.3686,3914
110,20.3686,3994
110,20.3686,3925
110,20.3686,3915
110,20.3686,3996
110,20.3686,4082
110,20.3686,3922
110,20.3686,4203
110,20.6287,3927
110,20.6287,4011
110,20.6287,3974
110,20.6287,4193
110,20.6287,3911
110,20.6287,4171
110,20.6287,3930
110,20.6287,3910
110,20.6287,3986
110,20.6287,4338
110,20.6287,3928
110,20.5078,4015
110,20.5078,3901
110,20.5078,3907
110,20.5078,3990
110,20.5078,4298
110,20.5078,3933
110,20.5078,3930
110,20.5078,3921
110,20.5078,4091
110,20.5078,4015
110,19.5503,3991
110,19.5503,3965
110,19.5503,3962
110,19.5503,4023
110,19.5503,4347
110,19.5503,4228
110,19.5503,3919
110,19.5503,4196
110,19.5503,4027
110,19.5503,3936
110,20.2899,3920
110,20.2899,4006
110,20.2899,4236
110,20.2899,3944
110,20.2899,3917
110,20.2899,4144
110,20.2899,3939
110,20.2899,3966
110,20.2899,4003
110,20.2899,4103
110,20.2899,3953
110,20.4678,3921
110,20.4678,3998
110,20.4678,3951
110,20.4678,4013
110,20.4678,4376
110,20.4678,4099
110,20.4678,3941
110,20.4678,4009
110,20.4678,3942
110,20.4678,3960
110,20.5279,4025
110,20.5279,4354
110,20.5279,3930
110,20.5279,3922
110,20.5279,4162
110,20.5279,3963
110,20.5279,4026
110,20.5279,4005
110,20.5279,4292
110,20.5279,3919
110,20.5279,3920
110,20.4678,4067
110,20.4678,3920
110,20.4678,3982
110,20.4678,4320
110,20.4678,3919
110,20.4678,3972
110,20.4678,3987
110,20.4678,3922
110,20.4678,4027
110,20.4678,4306
110,20.6287,3919
110,20.6287,3952
110,20.6287,4167
110,20.6287,3921
110,20.6287,4021
110,20.6287,5296
110,20.6287,4107
110,20.6287,3997
110,20.6287,4533
110,20.6287,4839
110,19.0114,4293
110,19.0114,4271
110,19.0114,3933
110,19.0114,4003
110,19.0114,4004
110,19.0114,3956
110,19.0114,3925
110,19.0114,3979
110,19.0114,4328
110,19.0114,3919
110,19.0114,5562
110,20.2703,3920
110,20.2703,7071
110,20.2703,4123
110,20.2703,4201
110,20.2703,3928
110,20.2703,4000
110,20.2703,4040
110,20.2703,4012
110,20.2703,3955
110,20.2703,3975
110,20.3488,4146
110,20.3488,3951
110,20.3488,3952
110,20.3488,4166
110,20.3488,3919
110,20.3488,3985
110,20.3488,4341
110,20.3488,3932
110,20.3488,3916
110,20.3488,4246
110,20.3488,4100
110,20.4878,3993
110,20.4878,4156
110,20.4878,5493
110,20.4878,3997
110,20.4878,4395
110,20.4878,4035
110,20.4878,3920
110,20.4878,3926
110,20.4878,4021
110,20.4878,3897
110,19.7044,3990
110,19.7044,4170
110,19.7044,3934
110,19.7044,3931
110,19.7044,3953
110,19.7044,5414
110,19.7044,3990
110,19.7044,3912
110,19.7044,4016
110,19.7044,4304
110,20.4678,4064
110,20.4678,3936
110,20.4678,3932
110,20.4678,4006
110,20.4678,3908
110,20.4678,4004
110,20.4678,4314
110,20.4678,3919
110,20.4678,3907
110,20.4678,3923
110,20.4678,4176
110,20.4479,3944
110,20.4479,4021
110,20.4479,4102
110,20.4479,3930
110,20.4479,3927
110,20.4479,4030
110,20.4479,4067
110,20.4479,4016
110,20.4479,4413
110,20.4479,3924
110,20.5882,3966
110,20.5882,3945
110,20.5882,5876
110,20.5882,3916
110,20.5882,3924
110,20.5882,4154
110,20.5882,4159
110,20.5882,3952
110,20.5882,4109
110,20.5882,4245
110,20.5882,3921
110,20.2507,3924
110,20.2507,3919
110,20.2507,4205
110,20.2507,4179
110,20.2507,3985
110,20.2507,4089
110,20.2507,4049
110,20.2507,3966
110,20.2507,4017
110,20.2507,3977
110,20.4479,3906
110,20.4479,4334
110,20.4479,3953
110,20.4479,4371
110,20.4479,3916
110,20.4479,3973
110,20.4479,3921
110,20.4479,3960
110,20.4479,3933
110,20.4479,4192
110,20.4479,3981
110,20.4082,4131
110,20.4082,3942
110,20.4082,3930
110,20.4082,3963
110,20.4082,4184
110,20.4082,3939
110,20.4082,3989
110,20.4082,4161
110,20.4082,3912
110,20.4082,3968
110,20.5479,3955
110,20.5479,3914
110,20.5479,3951
110,20.5479,4002
110,20.5479,4208
110,20.5479,3928
110,20.5479,3917
110,20.5479,3924
110,20.5479,4229
110,20.5479,3985
110,20.5479,4071
110,20.4678,3922
110,20.4678,3908
110,20.4678,3969
110,20.4678,3920
110,20.4678,3928
110,20.4678,3913
110,20.4678,3915
110,20.4678,4002
110,20.4678,4014
110,20.4678,3946
110,20.1149,5715
110,20.1149,3978
110,20.1149,6022
110,20.1149,3930
110,20.1149,3995
110,20.1149,4008
110,20.1149,3914
110,20.1149,4032
110,20.1149,4051
110,20.1149,4173
110,19.305,3931
110,19.305,3933
110,19.305,3929
110,19.305,3930
110,19.305,3972
110,19.305,3928
110,19.305,4271
110,19.305,3919
110,19.305,4001
110,19.305,3999
110,19.305,4263
110,20.2507,3972
110,20.2507,3920
110,20.2507,3947
110,20.2507,3920
110,20.2507,3940
110,20.2507,4116
110,20.2507,3975
110,20.2507,4212
110,20.2507,3925
110,20.2507,3919
110,20.5078,3917
110,20.5078,3909
110,20.5078,3922
110,20.5078,3931
110,20.5078,3933
110,20.5078,3924
110,20.5078,3923
110,20.5078,4021
110,20.5078,4246
110,20.5078,3923
110,20.5078,3918
110,20.1923,3959
110,20.1923,3922
110,20.1923,4008
110,20.1923,3951
110,20.1923,4227
110,20.1923,4028
110,20.1923,4039
110,20.1923,3919
110,20.1923,3939
110,20.1923,3909
110,20.4678,3917
110,20.4678,3937
110,20.4678,4212
110,20.4678,3988
110,20.4678,3913
110,20.4678,3916
110,20.4678,3921
110,20.4678,3928
110,20.4678,3913
110,20.4678,4057
110,20.4678,4135
110,20.428,3932
110,20.428,3978
110,20.428,3926
110,20.428,3945
110,20.428,3946
110,20.428,4059
110,20.428,4072
110,20.428,3914
110,20.428,3926
110,20.428,3963
110,20.5078,3922
110,20.5078,3939
110,20.5078,4092
110,20.5078,4144
110,20.5078,3961
110,20.5078,3918
110,20.5078,3953
110,20.5078,3952
110,20.5078,3934
110,20.5078,3951
110,20.5078,4087
132,20.3883,4038
132,20.3883,4392
132,20.3883,4081
132,20.3883,4437
132,20.3883,4079
132,20.3883,4084
132,20.3883,4137
132,20.3883,4082
132,20.3883,4082
132,16.9811,4204
132,16.9811,4289
132,16.9811,4124
132,16.9811,4175
132,16.9811,4079
132,16.9811,4121
132,16.9811,4935
132,16.9811,4080
132,16.8818,4108
132,16.8818,4219
132,16.8818,4267
132,16.8818,4072
132,16.8818,4077
132,16.8818,4081
132,16.8818,4093
132,16.8818,4109
132,16.8818,4236
132,17.425,4255
132,17.425,4419
132,17.425,4103
132,17.425,4102
132,17.425,4073
132,17.425,4074
132,17.425,4079
132,17.425,4248
132,17.425,4572
132,17.5097,4089
132,17.5097,4111
132,17.5097,4083
132,17.5097,4076
132,17.5097,4176
132,17.5097,4359
132,17.5097,4266
132,17.5097,4084
132,17.5097,4090
132,17.5097,4069
132,17.5097,4084
132,17.5097,4134
132,17.5097,4285
132,17.5097,4394
132,17.5097,4128
132,17.5097,4076
132,17.5097,4105
132,17.5097,4084
132,17.4588,4065
132,17.4588,4139
132,17.4588,4235
132,17.4588,4090
132,17.4588,4066
132,17.4588,4431
132,17.4588,4270
132,17.4588,4616
132,17.4588,4305
132,17.2579,4393
132,17.2579,4061
132,17.2579,4079
132,17.2579,4076
132,17.2579,4066
132,17.2579,4164
132,17.2579,4315
132,17.2579,4125
132,17.2579,4078
132,17.4927,4075
132,17.4927,4075
132,17.4927,4072
132,17.4927,4159
132,17.4927,4647
132,17.4927,4498
132,17.4927,4821
132,17.4927,4227
132,17.4927,4077
132,17.4419,4092
132,17.4419,4066
132,17.4419,4110
132,17.4419,4159
132,17.4419,4295
132,17.4419,4182
132,17.4419,4089
132,17.4419,4086
132,17.4419,4057
132,17.5268,4162
132,17.5268,4456
132,17.5268,4118
132,17.5268,4104
132,17.5268,4066
132,17.5268,4084
132,17.5268,4091
132,17.5268,4120
132,17.5268,4067
132,17.3745,4074
132,17.3745,4094
132,17.3745,4197
132,17.3745,4167
132,17.3745,6653
132,17.3745,5176
132,17.3745,4143
132,17.3745,4342
132,17.3745,4079
132,16.1597,4054
132,16.1597,4076
132,16.1597,4069
132,16.1597,4082
132,16.1597,4095
132,16.1597,5306
132,16.1597,4073
132,16.1597,4147
132,16.1597,4168
132,17.3913,4069
132,17.3913,4071
132,17.3913,4129
132,17.3913,4098
132,17.3913,4161
132,17.3913,4490
132,17.3913,4322
132,17.3913,4094
132,17.3913,4082
132,17.5268,4074
132,17.5268,4141
132,17.5268,4128
132,17.5268,4325
132,17.5268,4317
132,17.5268,4090
132,17.5268,4076
132,17.5268,4071
132,17.5268,4141
132,17.5097,4176
132,17.5097,4465
132,17.5097,4250
132,17.5097,4078
132,17.5097,4089
132,17.5097,4070
132,17.5097,4170
132,17.5097,4284
132,17.5097,4177
132,17.5268,4064
132,17.5268,4075
132,17.5268,4082
132,17.5268,4137
132,17.5268,4162
132,17.5268,4299
132,17.5268,4086
132,17.5268,4076
132,17.5268,4077
132,17.4927,4076
132,17.4927,4150
132,17.4927,4317
132,17.4927,4221
132,17.4927,4068
132,17.4927,4076
132,17.4927,4083
132,17.4927,4164
132,17.4927,4150
132,17.5439,4367
132,17.5439,4101
132,17.5439,4070
132,17.5439,4075
132,17.5439,4124
132,17.5439,4134
132,17.5439,4180
132,17.5439,4145
132,17.5439,4068
132,17.561,4081
132,17.561,4103
132,17.561,4142
132,17.561,4403
132,17.561,4371
132,17.561,4106
132,17.561,4078
132,17.561,4429
132,17.561,4081
132,17.3244,4663
132,17.3244,4192
132,17.3244,4275
132,17.3244,4358
132,17.3244,3974
132,17.3244,4093
132,17.3244,4115
132,17.3244,4374
132,16.9492,4074
132,16.9492,4530
132,16.9492,4477
132,16.9492,4146
132,16.9492,4256
132,16.9492,4063
132,16.9492,4287
132,16.9492,4212
132,16.9492,4068
132,16.2991,4145
132,16.2991,3990
132,16.2991,4098
132,16.2991,4154
132,16.2991,4158
132,16.2991,4203
132,16.2991,4355
132,16.2991,4091
132,16.2991,4467
132,17.3077,4364
132,17.3077,4085
132,17.3077,4071
132,17.3077,4069
132,17.3077,4161
132,17.3077,4121
132,17.3077,4214
132,17.3077,4189
132,17.3077,4116
132,17.5439,4080
132,17.5439,4203
132,17.5439,4121
132,17.5439,4084
132,17.5439,4146
132,17.5439,4213
132,17.5439,4083
132,17.5439,4075
132,17.5439,4163
132,17.2249,4359
132,17.2249,4415
132,17.2249,4352
132,17.2249,4036
132,17.2249,4323
132,17.2249,4299
132,17.2249,4113
132,17.2249,4083
132,17.2249,4131
132,17.4588,4363
132,17.4588,4083
132,17.4588,4181
132,17.4588,4117
132,17.4588,4108
132,17.4588,4076
132,17.4588,4401
132,17.4588,4180
132,17.4588,4337
132,17.5268,4193
132,17.5268,4113
132,17.5268,4975
132,17.5268,4175
132,17.5268,4580
132,17.5268,4133
132,17.5268,4494
132,17.5268,4076
132,17.5268,4137
132,17.425,4103
132,17.425,4090
132,17.425,4069
132,17.425,4171
132,17.425,4503
132,17.425,4073
132,17.425,4179
132,17.425,4102
132,17.425,4085
132,17.4927,4161
132,17.4927,4495
132,17.4927,4113
132,17.4927,4183
132,17.4927,4232
132,17.4927,4155
132,17.4927,4365
132,17.4927,4124
132,17.4927,4187
132,17.3745,4124
132,17.3745,4137
132,17.3745,4428
132,17.3745,4171
132,17.3745,4060
132,17.3745,4173
132,17.3745,4172
132,17.3745,4093
132,16.8317,4432
132,16.8317,4918
132,16.8317,4428
132,16.8317,4299
132,16.8317,4069
132,16.8317,5994
132,16.8317,4250
132,16.8317,4101
132,16.8317,4795
132,16.3148,4663
132,16.3148,4495
132,16.3148,4273
132,16.3148,4071
132,16.3148,4614
132,16.3148,4256
132,16.3148,4588
132,16.3148,4189
132,16.4569,4127
132,16.4569,4255
132,16.4569,4671
132,16.4569,4199
132,16.4569,4081
132,16.4569,4358
132,16.4569,4204
132,16.4569,4228
132,16.4569,4387
132,16.6016,4200
132,16.6016,4445
132,16.6016,4479
132,16.6016,4513
132,16.6016,4054
132,16.6016,4202
132,16.6016,4768
132,16.6016,4322
132,16.6016,4891
132,16.6016,4149
132,16.6016,4206
132,16.6016,4194
132,16.6016,4350
132,16.6016,4168
132,16.6016,4075
132,16.6016,4352
132,16.6016,4348
132,16.9492,4131
132,16.9492,4117
132,16.9492,4093
132,16.9492,4123
132,16.9492,4074
132,16.9492,4093
132,16.9492,4540
132,16.9492,4184
132,16.9492,4123
132,17.3745,4349
132,17.3745,4068
132,17.3745,4102
132,17.3745,4185
132,17.3745,4947
132,17.3745,4420
132,17.3745,4185
132,17.3745,4181
132,16.2835,4237
132,16.2835,7559
132,16.2835,4313
132,16.2835,4539
132,16.2835,4151
132,16.2835,4481
132,16.2835,4757
132,16.2835,4086
132,16.2835,4094
132,16.8317,4412
132,16.8317,4196
132,16.8317,7528
132,16.8317,4419
132,16.8317,4080
132,16.8317,4346
132,16.8317,4070
132,16.8317,4071
132,16.8317,4164
132,17.3745,4348
132,17.3745,4095
132,17.3745,4341
132,17.3745,4310
132,17.3745,5886
132,17.3745,4390
132,17.3745,6059
132,17.3745,4480
132,16.6667,4092
132,16.6667,4081
132,16.6667,4383
132,16.6667,4088
132,16.6667,4175
132,16.6667,4436
132,16.6667,4275
132,16.6667,4081
132,16.6667,4071
132,17.5097,4191
132,17.5097,4082
132,17.5097,4152
132,17.5097,4474
132,17.5097,4120
132,17.5097,4077
132,17.5097,4172
132,17.5097,4319
132,17.5097,4167
132,17.5439,4497
132,17.5439,4079
132,17.5439,4073
132,17.5439,4187
132,17.5439,4095
132,17.5439,4142
132,17.5439,4416
132,17.5439,4116
132,17.5439,4072
132,17.5781,4375
132,17.5781,4075
132,17.5781,4395
132,17.5781,4371
132,17.5781,4072
132,17.5781,4165
132,17.5781,4120
132,17.5781,4172
132,17.5781,4428
132,17.5781,4159
132,17.5781,4073
154,17.5781,4374
154,17.5781,4572
154,17.5781,4289
154,17.5781,4267
154,17.5781,4229
154,17.5781,4249
154,14.7929,4554
154,14.7929,4227
154,14.7929,4235
154,14.7929,4261
154,14.7929,4330
154,14.7929,4330
154,14.7929,4354
154,14.7929,4347
154,15.1229,4583
154,15.1229,4366
154,15.1229,4518
154,15.1229,4256
154,15.1229,4247
154,15.1229,4265
154,15.1229,4243
154,15.1229,4522
154,15.1515,4351
154,15.1515,4501
154,15.1515,4319
154,15.1515,4310
154,15.1515,4713
154,15.1515,4250
154,15.1515,4259
154,15.1515,4249
154,15.1947,4237
154,15.1947,4546
154,15.1947,4491
154,15.1947,4340
154,15.1947,4315
154,15.1947,4632
154,15.1947,4502
154,15.1947,4246
154,15.1947,4257
154,15.1947,5111
154,15.1947,4676
154,15.1947,4253
154,15.1947,4253
154,15.1947,4265
154,15.1947,4307
154,14.6056,4246
154,14.6056,4250
154,14.6056,4275
154,14.6056,4311
154,14.6056,4246
154,14.6056,4264
154,14.6056,4243
154,14.6056,4287
154,14.9701,4625
154,14.9701,4249
154,14.9701,4240
154,14.9701,4266
154,14.9701,4290
154,14.9701,4235
154,14.9701,4258
154,14.9701,4234
154,15.0376,4353
154,15.0376,4501
154,15.0376,5705
154,15.0376,4230
154,15.0376,4241
154,15.0376,4237
154,15.0376,4247
154,14.985,4286
154,14.985,4237
154,14.985,4241
154,14.985,4257
154,14.985,4231
154,14.985,4267
154,14.985,4278
154,14.985,4419
154,15.0801,4359
154,15.0801,4564
154,15.0801,4248
154,15.0801,4295
154,15.0801,4274
154,15.0801,4234
154,15.0801,4240
154,15.0801,4241
154,15.1659,4540
154,15.1659,4392
154,15.1659,4331
154,15.1659,4634
154,15.1659,4274
154,15.1659,4292
154,15.1659,4280
154,15.1659,4243
154,15.2236,4252
154,15.2236,4527
154,15.2236,4334
154,15.2236,4383
154,15.2236,4510
154,15.2236,4264
154,15.2236,4246
154,15.2236,4258
154,15.1803,4247
154,15.1803,4250
154,15.1803,4235
154,15.1803,4233
154,15.1803,4484
154,15.1803,4253
154,15.1803,4248
154,15.1803,4249
154,15.0659,4333
154,15.0659,4383
154,15.0659,4336
154,15.0659,4679
154,15.0659,4253
154,15.0659,4261
154,15.0659,5079
154,15.0659,4356
154,14.5631,4250
154,14.5631,4239
154,14.5631,4283
154,14.5631,4247
154,14.5631,4298
154,14.5631,4247
154,14.5631,4533
154,14.7638,4811
154,14.7638,4258
154,14.7638,4239
154,14.7638,4274
154,14.7638,4250
154,14.7638,4256
154,14.7638,4248
154,14.7638,4302
154,14.9105,4255
154,14.9105,4418
154,14.9105,4496
154,14.9105,4260
154,14.9105,4245
154,14.9105,4276
154,14.9105,4239
154,14.9105,4249
154,15.1947,4298
154,15.1947,4240
154,15.1947,4247
154,15.1947,4345
154,15.1947,4479
154,15.1947,4399
154,15.1947,4367
154,15.1947,4265
154,15.1515,4249
154,15.1515,4248
154,15.1515,4247
154,15.1515,4282
154,15.1515,4245
154,15.1515,4234
154,15.1515,4233
154,15.1515,4239
154,15.0943,4240
154,15.0943,4353
154,15.0943,4391
154,15.0943,4546
154,15.0943,4556
154,15.0943,4255
154,15.0943,4240
154,15.0943,4252
154,15.1803,4253
154,15.1803,4254
154,15.1803,4235
154,15.1803,4251
154,15.1803,4251
154,15.1803,4384
154,15.1803,4237
154,15.1803,4429
154,15.0943,4241
154,15.0943,4501
154,15.0943,4374
154,15.0943,4671
154,15.0943,4244
154,15.0943,4273
154,15.0943,4242
154,15.0943,4236
154,15.1515,4251
154,15.1515,4276
154,15.1515,4237
154,15.1515,4245
154,15.1515,4246
154,15.1515,4251
154,15.1515,4298
154,15.1515,4376
154,15.0517,4324
154,15.0517,4246
154,15.0517,4975
154,15.0517,4661
154,15.0517,4247
154,15.0517,4284
154,15.0517,4258
154,14.4928,4242
154,14.4928,4289
154,14.4928,4244
154,14.4928,4246
154,14.4928,4259
154,14.4928,4242
154,14.4928,4247
154,14.4928,4248
154,14.9551,4240
154,14.9551,4234
154,14.9551,4243
154,14.9551,4265
154,14.9551,4325
154,14.9551,4245
154,14.9551,4247
154,14.9551,4280
154,15.0094,4241
154,15.0094,4221
154,15.0094,4243
154,15.0094,4239
154,15.0094,4411
154,15.0094,4534
154,15.0094,4634
154,15.0094,4249
154,15.1659,4242
154,15.1659,4284
154,15.1659,4280
154,15.1659,4253
154,15.1659,4243
154,15.1659,4238
154,15.1659,4405
154,15.1659,4455
154,15.1515,4420
154,15.1515,4367
154,15.1515,4291
154,15.1515,4272
154,15.1515,4264
154,15.1515,4241
154,15.1515,4245
154,15.1515,4263
154,15.1515,4337
154,15.1515,4294
154,15.1515,4338
154,15.1515,4785
154,15.1515,4509
154,15.1515,4463
154,15.1515,4233
154,15.1515,4238
154,15.1803,4245
154,15.1803,4270
154,15.1803,4232
154,15.1803,4258
154,15.1803,4741
154,15.1803,4237
154,15.1803,4246
154,15.1803,4246
154,15.0659,4515
154,15.0659,4512
154,15.0659,4339
154,15.0659,4621
154,15.0659,4248
154,15.0659,4255
154,15.0659,4378
154,15.0659,4347
154,15.0376,4344
154,15.0376,4669
154,15.0376,4373
154,15.0376,4246
154,15.0376,4240
154,15.0376,4255
154,15.0376,4235
154,14.8515,4899
154,14.8515,5477
154,14.8515,4464
154,14.8515,4222
154,14.8515,4285
154,14.8515,4257
154,14.8515,4276
154,14.8515,4277
154,14.8075,4409
154,14.8075,4299
154,14.8075,4251
154,14.8075,4239
154,14.8075,4249
154,14.8075,4236
154,14.8075,4240
154,14.8075,4263
154,15.0517,4236
154,15.0517,4467
154,15.0517,4540
154,15.0517,4641
154,15.0517,4249
154,15.0517,4255
154,15.0517,4261
154,15.0517,4241
154,15.1515,4551
154,15.1515,4257
154,15.1515,4246
154,15.1515,4239
154,15.1515,4242
154,15.1515,4238
154,15.1515,4233
154,15.1515,4240
154,15.0376,4239
154,15.0376,4280
154,15.0376,4301
154,15.0376,4495
154,15.0376,4374
154,15.0376,4517
154,15.0376,4265
154,15.0376,4247
154,15.1803,4241
154,15.1803,4272
154,15.1803,4245
154,15.1803,4712
154,15.1803,4626
154,15.1803,4253
154,15.1803,4270
154,15.1803,4245
154,15.0659,4276
154,15.0659,4251
154,15.0659,4261
154,15.0659,4286
154,15.0659,4279
154,15.0659,4287
154,15.0659,4244
154,15.0659,4280
154,14.9953,4242
154,14.9953,4252
154,14.9953,4616
154,14.9953,4444
154,14.9953,4666
154,14.9953,4464
154,14.9953,4255
154,14.9953,4363
154,15.1515,4292
154,15.1515,4247
154,15.1515,4250
154,15.1515,4268
154,15.1515,4340
154,15.1515,4255
154,15.1515,4259
154,15.1515,4379
154,15.0943,4291
154,15.0943,4287
154,15.0943,4246
154,15.0943,4744
154,15.0943,5301
154,15.0943,4282
154,15.0943,4242
154,14.4788,4251
154,14.4788,4269
154,14.4788,4243
154,14.4788,4229
154,14.4788,4246
154,14.4788,4270
154,14.4788,4397
154,14.4788,4348
154,14.7783,4778
154,14.7783,4255
154,14.7783,4732
154,14.7783,4254
154,14.7783,4257
154,14.7783,4312
154,14.7783,4235
154,14.9105,4249
154,14.9105,4241
154,14.9105,4305
154,14.9105,4242
154,14.9105,4246
154,14.9105,4265
154,14.9105,4236
154,14.9105,4231
154,15.1086,4254
154,15.1086,4260
154,15.1086,4600
154,15.1086,4339
154,15.1086,4488
154,15.1086,4660
154,15.1086,4449
154,15.1086,4260
154,15.1372,4267
154,15.1372,4245
154,15.1372,4297
154,15.1372,5587
154,15.1372,4252
154,15.1372,4336
154,15.1372,4274
154,15.1372,4254
154,14.5068,4239
154,14.5068,4290
154,14.5068,4255
154,14.5068,4245
154,14.5068,4237
154,14.5068,4395
154,14.5068,4261
154,14.5068,4241
154,15.0235,4278
154,15.0235,4250
154,15.0235,4275
154,15.0235,4261
154,15.0235,4248
154,15.0235,4236
154,15.0235,4307
154,15.0235,4322
154,15.0376,4243
176,15.0376,5503
176,15.0376,4850
176,15.0376,4868
176,15.0376,4860
176,15.0376,4710
176,12.476,4911
176,12.476,4560
176,12.476,4594
176,12.476,4636
176,12.476,4635
176,12.476,4630
176,12.476,4494
176,13.0475,4490
176,13.0475,5581
176,13.0475,4409
176,13.0475,4526
176,13.0475,4535
176,13.0475,4506
176,13.0475,4802
176,12.7202,4650
176,12.7202,5602
176,12.7202,4385
176,12.7202,4394
176,12.7202,4402
176,12.7202,4406
176,12.7202,4396
176,13.2325,4422
176,13.2325,4401
176,13.2325,4396
176,13.2325,4398
176,13.2325,4402
176,13.2325,4394
176,13.2325,4412
176,13.308,4418
176,13.308,4399
176,13.308,4406
176,13.308,4410
176,13.308,4657
176,13.308,4645
176,13.308,5037
176,13.245,4592
176,13.245,4860
176,13.245,4637
176,13.245,4596
176,13.245,4568
176,13.245,4782
176,13.245,4616
176,13.308,4627
176,13.308,4586
176,13.308,4423
176,13.308,4390
176,13.308,4378
176,13.308,4439
176,13.308,4394
176,13.245,4401
176,13.245,4407
176,13.245,4409
176,13.245,4398
176,13.245,4439
176,13.245,4403
176,13.245,4394
176,13.2827,4388
176,13.2827,4395
176,13.2827,4410
176,13.2827,4664
176,13.2827,4849
176,13.2827,4724
176,13.2827,4727
176,13.2576,4594
176,13.2576,4483
176,13.2576,4415
176,13.2576,4422
176,13.2576,4407
176,13.2576,4443
176,13.2576,4461
176,13.2576,4404
176,13.2576,4405
176,13.2576,4383
176,13.2576,6473
176,13.2576,5289
176,13.2576,4604
176,12.7451,4487
176,12.7451,4478
176,12.7451,4415
176,12.7451,4390
176,12.7451,4409
176,12.7451,5117
176,12.7451,4718
176,13.1579,4592
176,13.1579,4622
176,13.1579,4648
176,13.1579,4710
176,13.1579,4759
176,13.1579,4972
176,13.1579,4390
176,13.1827,4495
176,13.1827,4477
176,13.1827,4813
176,13.1827,4447
176,13.1827,4575
176,13.1827,4478
176,13.1827,4423
176,12.9482,4385
176,12.9482,4389
176,12.9482,4409
176,12.9482,4416
176,12.9482,4414
176,12.9482,4388
176,12.9482,4425
176,13.245,4403
176,13.245,4411
176,13.245,4399
176,13.245,4720
176,13.245,4849
176,13.245,4691
176,13.245,4648
176,13.2701,4852
176,13.2701,4604
176,13.2701,4606
176,13.2701,4601
176,13.2701,4576
176,13.2701,4604
176,13.2701,4591
176,13.308,4554
176,13.308,4403
176,13.308,4400
176,13.308,4414
176,13.308,4442
176,13.308,4425
176,13.308,4452
176,13.245,4413
176,13.245,4398
176,13.245,4437
176,13.245,5251
176,13.245,4988
176,13.245,4388
176,12.8713,4404
176,12.8713,4611
176,12.8713,4983
176,12.8713,4587
176,12.8713,4724
176,12.8713,4590
176,12.8713,4568
176,13.22,4405
176,13.22,4666
176,13.22,4458
176,13.22,4436
176,13.22,4393
176,13.22,4400
176,13.22,4783
176,12.7077,4764
176,12.7077,4901
176,12.7077,4419
176,12.7077,4387
176,12.7077,4411
176,12.7077,4398
176,12.7077,4448
176,13.2827,4426
176,13.2827,4424
176,13.2827,4407
176,13.2827,4408
176,13.2827,4382
176,13.2827,4438
176,13.2827,4401
176,13.2701,4412
176,13.2701,4445
176,13.2701,4382
176,13.2701,4395
176,13.2701,4378
176,13.2701,4468
176,13.2701,4525
176,13.245,4656
176,13.245,4676
176,13.245,4558
176,13.245,4876
176,13.245,4702
176,13.245,4663
176,13.245,4480
176,13.2701,4692
176,13.2701,4489
176,13.2701,4593
176,13.2701,4631
176,13.2701,4667
176,13.2701,4386
176,13.2701,4388
176,13.2953,4393
176,13.2953,4402
176,13.2953,4412
176,13.2953,4403
176,13.2953,4476
176,13.2953,4384
176,13.2953,4389
176,13.245,4394
176,13.245,4537
176,13.245,4621
176,13.245,4779
176,13.245,4851
176,13.245,4740
176,13.245,4713
176,13.2827,4393
176,13.2827,4404
176,13.2827,4382
176,13.2827,4390
176,13.2827,4427
176,13.2827,4412
176,13.2827,4408
176,13.1951,4390
176,13.1951,4395
176,13.1951,4439
176,13.1951,4388
176,13.1951,6517
176,13.1951,4389
176,12.7326,4421
176,12.7326,4406
176,12.7326,4394
176,12.7326,4393
176,12.7326,4389
176,12.7326,4402
176,12.7326,4387
176,13.2576,4440
176,13.2576,4646
176,13.2576,4829
176,13.2576,4580
176,13.2576,4685
176,13.2576,4454
176,13.2576,4386
176,13.1827,4406
176,13.1827,4402
176,13.1827,4394
176,13.1827,4405
176,13.1827,4429
176,13.1827,4400
176,13.1827,4520
176,13.3333,4399
176,13.3333,4400
176,13.3333,4451
176,13.3333,4429
176,13.3333,4408
176,13.3333,4402
176,13.3333,4400
176,13.2576,4506
176,13.2576,4408
176,13.2576,4747
176,13.2576,4627
176,13.2576,4661
176,13.2576,4640
176,13.2576,4675
176,13.3206,4824
176,13.3206,4994
176,13.3206,4463
176,13.3206,4491
176,13.3206,4506
176,13.3206,4553
176,13.3206,4560
176,13.2953,4491
176,13.2953,4487
176,13.2953,4529
176,13.2953,4506
176,13.2953,4527
176,13.2953,4506
176,13.2953,4551
176,13.308,4566
176,13.308,4865
176,13.308,4703
176,13.308,4682
176,13.308,4508
176,13.308,4718
176,13.308,4541
176,13.3206,4534
176,13.3206,4502
176,13.3206,4549
176,13.3206,4506
176,13.3206,4490
176,13.3206,4513
176,13.3206,4399
176,13.3206,4534
176,13.3206,5142
176,13.3206,4396
176,13.3206,4396
176,13.3206,4391
176,13.3206,4409
176,13.3206,4429
176,12.5969,4427
176,12.5969,4517
176,12.5969,4408
176,12.5969,4585
176,12.5969,4717
176,12.5969,4752
176,12.5969,4711
176,13.245,4739
176,13.245,4680
176,13.245,4595
176,13.245,4704
176,13.245,4602
176,13.245,4575
176,13.245,4624
176,13.2953,4601
176,13.2953,4403
176,13.2953,4628
176,13.2953,4654
176,13.2953,4586
176,13.2953,4540
176,13.2953,4653
176,13.1332,4594
176,13.1332,4506
176,13.1332,4486
176,13.1332,4391
176,13.1332,4389
176,13.1332,4391
176,13.1332,4408
176,13.2827,4415
176,13.2827,4402
176,13.2827,4396
176,13.2827,4400
176,13.2827,4378
176,13.2827,4405
176,13.2827,4527
176,13.1951,4656
176,13.1951,4796
176,13.1951,4728
176,13.1951,4668
176,13.1951,4716
176,13.1951,4713
176,13.1951,4808
176,13.1579,4624
176,13.1579,4532
176,13.1579,4665
176,13.1579,4645
176,13.1579,4713
176,13.1579,4928
176,13.1579,4582
176,13.2701,4542
176,13.2701,4625
176,13.2701,4601
176,13.2701,4542
176,13.2701,4586
176,13.2701,4424
176,13.2701,4399
176,13.2576,4419
176,13.2576,4430
176,13.2576,4393
176,13.2576,4385
176,13.2576,4641
176,13.2576,4432
176,12.7077,4412
176,12.7077,4414
176,12.7077,4397
176,12.7077,4399
176,12.7077,4391
176,12.7077,4419
176,12.7077,5166
176,13.1951,4543
176,13.1951,4515
176,13.1951,4493
176,13.1951,4426
176,13.1951,4451
176,13.1951,4405
176,13.1951,4643
176,13.0841,4385
176,13.0841,4401
176,13.0841,4409
176,13.0841,4394
176,13.0841,4399
176,13.0841,4385
176,13.0841,4424
176,13.1827,4710
176,13.1827,4847
176,13.1827,4400
176,13.1827,4457
176,13.1827,4410
176,13.1827,4915
176,13.1827,4402
176,12.6706,5301
176,12.6706,4389
176,12.6706,4403
176,12.6706,4439
176,12.6706,4410
176,12.6706,4409
176,12.6706,4560
176,13.1086,5692
176,13.1086,4502
176,13.1086,5263
176,13.1086,4393
176,13.1086,4453
176,13.1086,4492
176,13.1086,4569
176,13.0841,4444
176,13.0841,4455
176,13.0841,4425
176,13.0841,4398
176,13.0841,4399
176,13.0841,4392
176,13.0841,4440
176,13.1827,4520
176,13.1827,4388
176,13.1827,4612
176,13.1827,4669
176,13.1827,4631
176,13.1827,5363
176,13.1827,4699
176,13.2953,4858
176,13.2953,4404
176,13.2953,4411
176,13.2953,4389
176,13.2953,4682
176,13.2953,4484
176,13.2953,4382
176,13.1951,4414
176,13.1951,4398
176,13.1951,4429
176,13.1951,4467
176,13.1951,4561
176,13.1951,4733
176,12.6214,4681
176,12.6214,4622
176,12.6214,4427
176,12.6214,4395
176,12.6214,4428
176,12.6214,4399
176,12.6214,4424
176,13.1827,4393
176,13.1827,4397
176,13.1827,4516
176,13.1827,4543
176,13.1827,4723
176,13.1827,4921
176,13.1827,4686
176,13.245,4579
176,13.245,4615
176,13.245,4609
176,13.245,4497
176,13.245,4441
176,13.245,4387
176,13.245,4426
176,13.245,4402
176,13.245,4725
176,13.245,4585
176,13.245,4596
176,13.245,4495
176,13.245,4396
176,13.245,4296
176,13.1332,4400
176,13.1332,4433
176,13.1332,4700
176,13.1332,4795
176,13.1332,4758
176,13.1332,4829
176,13.1332,4622
176,13.1951,4496
176,13.1951,4472
176,13.1951,5121
176,13.1951,4829
176,13.1951,4410
176,13.1951,4733
176,13.1951,4751
176,12.6953,4677
176,12.6953,4478
176,12.6953,4479
176,12.6953,4524
176,12.6953,4970
176,12.6953,4402
176,12.6953,4300
176,13.1455,4409
176,13.1455,4786
176,13.1455,4741
176,13.1455,4770
176,13.1455,4540
176,13.1455,4578
176,13.1455,4542
176,13.245,4503
176,13.245,4345
176,13.245,4404
176,13.245,4416
176,13.245,4676
176,13.245,4390
176,12.6214,4446
176,12.6214,4404
176,12.6214,4393
176,12.6214,4456
176,12.6214,4408
176,12.6214,4395
176,12.6214,4719
176,13.245,4451
176,13.245,4480
176,13.245,4729
176,13.245,4619
176,13.245,4592
176,13.245,4941
176,13.245,4435
176,13.0354,4638
176,13.0354,4496
176,13.0354,4485
176,13.0354,4403
176,13.0354,4425
176,13.0354,4521
176,13.0354,4420
176,13.1332,4532
176,13.1332,4406
176,13.1332,4393
176,13.1332,4772
176,13.1332,4579
176,13.1332,4383
176,13.1332,4395
176,13.2827,4389
176,13.2827,4391
176,13.2827,4364
176,13.2827,4430
176,13.2827,4627
176,13.2827,4625
176,13.2827,4312
176,13.1827,4399
176,13.1827,4386
176,13.1827,4418
176,13.1827,4404
176,13.1827,4399
176,13.1827,4381
176,13.1827,4405
176,13.2325,4427
176,13.2325,4593
176,13.2325,4474
176,13.2325,4406
176,13.2325,4388
176,13.2325,4385
176,13.2325,4380
176,13.245,4392
176,13.245,4418
176,13.245,4500
176,13.245,4434
176,13.245,4390
176,13.245,4441
176,13.245,4393
176,13.22,4398
176,13.22,4393
176,13.22,4443
176,13.22,4400
176,13.22,4388
176,13.22,4400
176,13.22,4405
176,13.2075,6433
176,13.2075,5010
176,13.2075,4470
176,13.2075,4446
176,13.2075,4403
176,13.2075,4427
176,13.2075,4400
176,12.8205,4415
176,12.8205,4397
176,12.8205,4408
176,12.8205,4396
176,12.8205,4415
176,12.8205,4401
176,12.8205,4670
176,13.22,4578
176,13.22,4603
176,13.22,4598
176,13.22,4619
176,13.22,4619
176,13.22,4690
176,13.22,4552
176,13.3206,4535
176,13.3206,4607
176,13.3206,4567
176,13.3206,4528
176,13.3206,4569
176,13.3206,4582
176,13.3206,4860
176,13.3333,4706
176,13.3333,4881
176,13.3333,4785
176,13.3333,4686
176,13.3333,4928
176,13.3333,4569
176,13.3333,4725
176,13.3333,4918
176,13.3333,4654
176,13.3333,4866
176,13.3333,4829
176,13.3333,4824
176,13.3333,4436
176,13.3333,4405
176,13.2576,4481
176,13.2576,4403
176,13.2576,4385
176,13.2576,4395
176,13.2576,4387
176,13.2576,4439
176,13.2576,4390
176,13.2953,4388
176,13.2953,4433
176,13.2953,4411
176,13.2953,4398
176,13.2953,4394
176,13.2953,4425
176,13.2953,4402
176,13.2953,4436
176,13.2953,4406
176,13.2953,4374
176,13.2953,4438
176,13.2953,4428
176,13.2953,4388
176,13.2953,4969
176,13.2827,4527
176,13.2827,4680
176,13.2827,4836
176,13.2827,4403
176,13.2827,4426
176,13.2827,4390
176,12.7326,4403
176,12.7326,4430
176,12.7326,4407
176,12.7326,4520
176,12.7326,4400
176,12.7326,4405
176,12.7326,4895
176,13.2827,4748
176,13.2827,4547
176,13.2827,4567
176,13.2827,4563
176,13.2827,4582
176,13.2827,4604
176,13.2827,4572
176,13.2953,4695
176,13.2953,5135
176,13.2953,4403
176,13.2953,4751
176,13.2953,4670
176,13.2953,5138
176,13.2953,4588
176,13.0964,4408
176,13.0964,4398
176,13.0964,4389
176,13.0964,4477
176,13.0964,4400
176,13.0964,4393
176,13.0964,4396
176,13.245,4383
176,13.245,4389
176,13.245,4401
176,13.245,4593
177,13.245,5105
177,13.245,5797
177,13.245,4987
177,12.1723,4498
177,12.1723,4567
177,12.1723,4644
178,12.1723,5329
178,12.1723,4756
178,12.1723,5057
178,12.8079,4565
178,12.8079,5196
179,12.8079,4716
179,12.8079,4578
179,12.8079,4628
180,12.8079,5708
180,12.8079,4972
180,12.5847,5119
180,12.5847,4674
180,12.5847,4804
180,12.5847,4712
181,12.5847,4911
181,12.5847,5127
181,12.8713,4802
181,12.8713,4774
181,12.8713,4752
181,12.8713,5074
181,12.8713,5146
181,12.8713,4716
181,12.8713,4709
181,13.0475,4672
181,13.0475,7109
181,13.0475,4627
181,13.0475,4647
181,13.0475,4573
181,13.0475,4596
181,13.0475,4600
181,12.5725,4942
181,12.5725,4787
181,12.5725,4849
181,12.5725,4679
181,12.5725,4772
181,12.5725,4662
181,12.5725,4732
181,13.308,4637
181,13.308,4680
181,13.308,4647
181,13.308,4610
181,13.308,4406
181,13.308,4706
181,13.308,4406
181,13.2827,4484
181,13.2827,4429
181,13.2827,4427
181,13.2827,4432
181,13.2827,4717
181,13.2827,4584
181,13.2827,4629
181,13.1703,4546
181,13.1703,4513
181,13.1703,4564
181,13.1703,4936
181,13.1703,4574
181,13.1703,4627
181,13.1703,4789
181,13.3333,4572
181,13.3333,4502
181,13.3333,4474
181,13.3333,4564
181,13.3333,4432
181,13.3333,4414
181,13.3333,4450
181,13.245,5349
181,13.245,4539
181,13.245,4732
181,13.245,4826
181,13.245,4596
181,13.245,4591
181,13.245,4575
181,13.0233,4564
181,13.0233,4649
181,13.0233,4760
181,13.0233,4419
181,13.0233,4667
181,13.0233,4680
181,13.0233,4829
181,13.3206,4741
181,13.3206,4531
181,13.3206,6050
181,13.3206,4769
181,13.3206,4589
181,13.3206,4545
181,13.3206,4584
181,13.2827,4559
181,13.2827,4753
181,13.2827,4768
181,13.2827,4693
181,13.2827,5105
181,13.2827,4438
181,12.7953,4594
180,12.7953,4560
180,12.7953,4464
180,12.7953,4597
180,12.7953,4965
180,12.7953,4902
180,12.7953,4498
179,13.2701,4491
179,13.2701,4566
179,13.2701,4651
179,13.2701,4989
179,13.2701,4607
178,13.2701,4609
178,13.2701,4605
178,13.308,4583
177,13.308,4590
177,13.308,4619
177,13.308,4611
177,13.308,4716
177,13.308,4646
177,13.308,4582
176,13.3333,4577
176,13.3333,4544
176,13.3333,4563
176,13.3333,4737
176,13.3333,4520
176,13.3333,4528
176,13.3333,4536
176,13.3206,4542
176,13.3206,4553
176,13.3206,4631
176,13.3206,4570
176,13.3206,4625
176,13.3206,4502
176,13.3206,4537
176,13.3333,4534
176,13.3333,4605
176,13.3333,4598
176,13.3333,4765
176,13.3333,4400
176,13.3333,4452
176,13.3333,4457
176,13.1332,5119
176,13.1332,4401
176,13.1332,4429
176,13.1332,4413
176,13.1332,4393
176,13.1332,4398
176,13.1332,4440
176,13.2827,4472
176,13.2827,4394
176,13.2827,4402
176,13.2827,4424
176,13.2827,4436
176,13.2827,4418
176,13.2827,4394
176,13.308,4385
176,13.308,4495
176,13.308,4395
176,13.308,4375
176,13.308,4405
176,13.308,4393
176,13.308,4398
176,13.2827,4373
176,13.2827,6478
176,13.2827,4385
176,13.2827,4405
176,13.2827,4399
176,13.2827,4397
176,13.2827,4405
176,12.6706,4437
176,12.6706,4389
176,12.6706,4451
176,12.6706,4562
176,12.6706,4608
176,12.6706,4518
176,12.6706,4568
176,13.22,4600
176,13.22,4517
176,13.22,4521
176,13.22,4566
176,13.22,4642
176,13.22,4587
176,13.22,4544
176,13.2953,4694
176,13.2953,4800
176,13.2953,4470
176,13.2953,4529
176,13.2953,4565
176,13.2953,4725
176,13.2953,4515
176,13.346,4536
176,13.346,4501
176,13.346,4524
176,13.346,4586
176,13.346,4607
176,13.346,4566
176,13.346,4608
176,13.3333,4514
176,13.3333,4496
176,13.3333,4404
176,13.3333,4412
176,13.3333,4412
176,13.3333,4382
176,13.3333,4392
176,13.2325,4399
176,13.2325,4443
176,13.2325,4391
176,13.2325,4400
176,13.2325,4413
176,13.2325,4384
176,13.2325,4530
176,13.2827,4539
176,13.2827,4734
176,13.2827,4653
176,13.2827,4630
176,13.2827,4884
176,13.2827,4682
176,13.2827,4738
176,13.2953,4597
176,13.2953,4593
176,13.2953,4617
176,13.2953,4597
176,13.2953,4810
176,13.2953,4579
176,13.2953,4603
176,13.308,4615
176,13.308,4397
176,13.308,4376
176,13.308,4464
176,13.308,4729
176,13.308,4909
176,12.7953,4411
176,12.7953,4395
176,12.7953,4391
176,12.7953,4413
176,12.7953,4399
176,12.7953,4392
176,12.7953,4483
176,13.2953,4384
176,13.2953,4409
176,13.2953,4401
176,13.2953,4416
176,13.2953,4444
176,13.2953,4427
176,13.2953,4410
176,13.1703,4510
176,13.1703,4419
176,13.1703,4393
176,13.1703,4427
176,13.1703,4397
176,13.1703,6845
176,13.1703,4428
176,13.0841,4463
176,13.0841,4383
176,13.0841,4395
176,13.0841,4782
176,13.0841,4781
176,13.0841,4708
176,13.0841,4906
176,13.2953,4652
176,13.2953,4821
176,13.2953,4756
176,13.2953,4739
176,13.2953,4563
176,13.2953,4703
176,13.2953,4638
176,13.2953,4627
176,13.2953,4451
176,13.2953,4384
176,13.2953,4480
176,13.2953,4515
176,13.2953,4850
176,13.2953,5006
176,13.1455,4548
176,13.1455,4814
176,13.1455,4596
176,13.1455,4612
176,13.1455,4608
176,13.1455,4488
176,13.1455,4412
176,13.2953,4408
176,13.2953,4440
176,13.2953,4395
176,13.2953,4397
176,13.2953,4440
176,13.2953,4431
176,13.2953,4411
176,13.2325,4406
176,13.2325,4400
176,13.2325,4464
176,13.2325,4521
176,13.2325,4385
176,13.2325,4420
176,13.2325,4424
176,13.2953,4429
176,13.2953,4401
176,13.2953,6127
176,13.2953,4468
176,13.2953,4531
176,13.2953,4720
176,13.2953,4816
176,12.5969,4545
176,12.5969,4579
176,12.5969,4861
176,12.5969,4429
176,12.5969,4398
176,12.5969,4447
176,12.5969,4408
176,13.245,4401
176,13.245,4451
176,13.245,4392
176,13.245,4388
176,13.245,4396
176,13.245,4404
176,13.245,4384
176,13.3206,4408
176,13.3206,4395
176,13.3206,4426
176,13.3206,4414
176,13.3206,4376
176,13.3206,4415
176,13.3206,4402
176,13.308,4435
176,13.308,4405
176,13.308,4405
176,13.308,4474
176,13.308,4421
176,13.308,4958
176,13.308,4583
176,13.2701,4639
176,13.2701,4923
176,13.2701,4760
176,13.2701,4771
176,13.2701,4532
176,13.2701,4796
176,13.2701,4560
176,13.3206,4821
176,13.3206,4646
176,13.3206,4751
176,13.3206,4821
176,13.3206,4848
176,13.3206,4840
176,13.3206,4820
176,13.3206,4863
176,13.3206,4791
176,13.3206,4677
176,13.3206,4856
176,13.3206,4751
176,13.3206,4678
176,13.3206,4914
176,13.3333,4864
176,13.3333,4659
176,13.3333,4852
176,13.3333,4819
176,13.3333,4847
176,13.3333,4867
176,13.3333,4632
176,13.3333,4681
176,13.3333,4662
176,13.3333,4653
176,13.3333,4770
176,13.3333,4804
176,13.3333,4440
176,12.6214,4448
176,12.6214,4399
176,12.6214,4390
176,12.6214,4402
176,12.6214,4391
176,12.6214,4432
176,12.6214,4406
176,13.2701,4403
176,13.2701,4397
176,13.2701,4380
176,13.2701,4410
176,13.2701,4385
176,13.2701,4384
176,13.2701,4411
176,13.2827,4509
176,13.2827,4666
176,13.2827,4393
176,13.2827,4389
176,13.2827,4382
176,13.2827,4535
176,13.2827,4756
176,13.3333,4495
176,13.3333,4394
176,13.3333,4434
176,13.3333,4400
176,13.3333,4385
176,13.3333,4426
176,13.3333,4402
176,13.3588,4388
176,13.3588,4399
176,13.3588,4395
176,13.3588,4401
176,13.3588,4374
176,13.3588,4396
176,13.3588,4582
176,13.2953,4583
176,13.2953,4590
176,13.2953,4752
176,13.2953,4525
176,13.2953,4487
176,13.2953,4405
176,13.2953,4402
176,13.1827,4427
176,13.1827,4481
176,13.1827,4404
176,13.1827,4462
176,13.1827,4405
176,13.1827,4404
176,13.1827,4397
176,13.2953,4394
176,13.2953,4395
176,13.2953,4421
176,13.2953,4541
176,13.2953,4675
176,13.2953,4470
176,13.2953,4492
176,13.2827,4445
176,13.2827,4473
176,13.2827,4477
176,13.2827,4559
176,13.2827,4771
176,13.2827,4538
176,13.2827,4628
176,13.2953,4567
176,13.2953,4603
176,13.2953,4421
176,13.2953,4399
176,13.2953,4396
176,13.2953,4391
176,13.2953,4407
176,12.6336,4378
176,12.6336,4401
176,12.6336,4457
176,12.6336,4460
176,12.6336,4396
176,12.6336,4412
176,12.6336,4400
176,13.2953,4397
176,13.2953,4438
176,13.2953,4417
176,13.2953,4406
176,13.2953,4392
176,13.2953,4394
176,13.2953,4382
176,13.3206,4395
176,13.3206,4445
176,13.3206,4530
176,13.3206,4883
176,13.3206,4537
176,13.3206,4665
176,13.3206,4569
176,13.2075,4573
176,13.2075,4656
176,13.2075,4586
176,13.2075,4572
176,13.2075,4685
176,13.2075,4915
176,13.2075,4861
176,13.346,4676
176,13.346,4605
176,13.346,4467
176,13.346,4494
176,13.346,4593
176,13.346,4699
176,13.346,4533
176,13.2827,4505
176,13.2827,4625
176,13.2827,4505
176,13.2827,4534
176,13.2827,4588
176,13.2827,4551
176,13.2827,4655
176,13.346,4555
176,13.346,4563
176,13.346,4573
176,13.346,4617
176,13.346,4530
176,13.346,4581
176,13.346,4464
176,13.3333,4577
176,13.3333,4546
176,13.3333,4475
176,13.3333,4572
176,13.3333,4580
176,13.3333,4664
176,13.3333,4560
176,13.346,4539
176,13.346,4469
176,13.346,4464
176,13.346,4860
176,13.346,5060
176,13.346,4717
176,12.8332,4393
176,12.8332,4394
176,12.8332,4404
176,12.8332,4556
176,12.8332,4415
176,12.8332,4426
176,12.8332,4399
176,13.2827,4404
176,13.2827,4477
176,13.2827,4444
176,13.2827,4392
176,13.2827,4399
176,13.2827,4392
176,13.2827,4389
176,13.2701,4691
176,13.2701,4847
176,13.2701,4642
176,13.2701,4657
176,13.2701,4855
176,13.2701,4611
176,13.2701,4632
176,13.3206,4902
176,13.3206,4532
176,13.3206,4522
176,13.3206,4524
176,13.3206,4723
176,13.3206,4395
176,13.3206,4408
176,13.22,4388
176,13.22,4403
176,13.22,4401
176,13.22,4393
176,13.22,4405
176,13.22,4403
176,13.22,4403
176,13.3206,4382
176,13.3206,4400
176,13.3206,4472
176,13.3206,4403
176,13.3206,5229
176,13.3206,4670
176,11.5274,6386
176,11.5274,5178
176,11.5274,4404
176,11.5274,4421
176,11.5274,4414
176,11.5274,4487
176,11.5274,4396
176,12.7451,4489
176,12.7451,4745
176,12.7451,4888
176,12.7451,4426
176,12.7451,4407
176,12.7451,4391
176,12.4046,4503
176,12.4046,4498
176,12.4046,4488
176,12.4046,4574
176,12.4046,4416
176,12.4046,4664
176,12.4046,4513
176,13.2953,4499
176,13.2953,4658
176,13.2953,4533
176,13.2953,4933
176,13.2953,4393
176,13.2953,4393
176,13.2953,4447
176,12.5847,4398
176,12.5847,4460
176,12.5847,4395
176,12.5847,4412
176,12.5847,4673
176,12.5847,4712
176,12.5847,4559
176,13.22,4575
176,13.22,4574
176,13.22,4597
176,13.22,4473
176,13.22,4505
176,13.22,4476
176,13.22,4509
176,13.2953,4392
176,13.2953,4394
176,13.2953,4394
176,13.2953,4406
176,13.2953,4404
176,13.2953,4402
176,13.2953,4396
176,13.3206,4406
176,13.3206,4457
176,13.3206,4419
176,13.3206,4440
176,13.3206,4397
176,13.3206,4391
176,13.3206,4470
176,13.2827,4400
176,13.2827,4511
176,13.2827,4433
176,13.2827,4433
176,13.2827,4419
176,13.2827,4752
176,13.2827,4688
176,13.22,4645
176,13.22,4521
176,13.22,4559
176,13.22,4544
176,13.22,4407
176,13.22,4397
176,13.22,4498
176,13.245,4390
176,13.245,4400
176,13.245,4394
176,13.245,4385
176,13.245,4382
176,13.245,4386
176,13.245,4436
176,13.308,4443
176,13.308,4394
176,13.308,4392
176,13.308,4398
176,13.308,4385
176,13.308,4391
176,13.308,4404
176,13.3333,4385
176,13.3333,4395
176,13.3333,4427
176,13.3333,4395
176,13.3333,4395
176,13.3333,4402
176,12.7451,4533
176,12.7451,4403
176,12.7451,4393
176,12.7451,4390
176,12.7451,4394
176,12.7451,4393
176,12.7451,4420
176,13.2576,4394
176,13.2576,4403
176,13.2576,4496
176,13.2576,4397
176,13.2576,4569
176,13.2576,4873
176,13.2576,4752
176,13.2576,4577
176,13.2576,4552
176,13.2576,4582
176,13.2576,4573
176,13.2576,4589
176,13.2576,4580
176,13.2576,4448
176,13.1703,4387
176,13.1703,4570
176,13.1703,4772
176,13.1703,4593
176,13.1703,4679
176,13.1703,4713
176,13.1703,4743
176,13.2827,4646
176,13.2827,4732
176,13.2827,4819
176,13.2827,4658
176,13.2827,4487
176,13.2827,4527
176,13.2827,4397
176,13.1827,4422
176,13.1827,5316
176,13.1827,4563
176,13.1827,5191
176,13.1827,4416
176,13.1827,4810
176,13.1827,4402
176,13.0841,4610
176,13.0841,4581
176,13.0841,4683
176,13.0841,4475
176,13.0841,4435
176,13.0841,4408
176,13.0841,4504
176,13.1579,4436
176,13.1579,4408
176,13.1579,4400
176,13.1579,4587
176,13.1579,4742
176,13.1579,4523
176,13.1579,4411
176,13.2576,4552
176,13.2576,4613
176,13.2576,4826
176,13.2576,4779
176,13.2576,4554
176,13.2576,4567
176,13.2576,4720
176,13.3588,4672
176,13.3588,4750
176,13.3588,6024
176,13.3588,4457
176,13.3588,4447
176,13.3588,4382
176,13.3588,4389
176,12.6706,4552
176,12.6706,4808
176,12.6706,4797
176,12.6706,4525
176,12.6706,4479
176,12.6706,4506
176,12.6706,4549
176,13.2827,4481
176,13.2827,4523
176,13.2827,4918
176,13.2827,4401
176,13.2827,4389
176,13.2827,4419
176,13.2827,4403
176,13.245,4424
176,13.245,4422
176,13.245,4401
176,13.245,4457
176,13.245,4405
176,13.245,4394
176,13.245,4409
176,13.3333,4407
176,13.3333,4396
176,13.3333,4413
176,13.3333,4401
176,13.3333,4438
176,13.3333,4411
176,13.3333,4464
176,13.3333,4400
176,13.3333,7114
176,13.3333,4593
176,13.3333,4707
176,13.3333,4613
176,13.3333,4542
176,12.334,4428
176,12.334,4397
176,12.334,4386
176,12.334,4394
176,12.334,4391
176,12.334,4486
176,12.334,4388
176,13.2701,4410
176,13.2701,4445
176,13.2701,4408
176,13.2701,4395
176,13.2701,4380
176,13.2701,4415
176,13.2701,4420
176,13.2953,4400
176,13.2953,4423
176,13.2953,4505
176,13.2953,4477
176,13.2953,4460
176,13.2953,4423
176,13.2953,4388
176,13.2953,4616
176,13.2953,4674
176,13.2953,4785
176,13.2953,4548
176,13.2953,4520
176,13.2953,4947
176,13.2953,4602
176,12.7326,4390
176,12.7326,4424
176,12.7326,4392
176,12.7326,4450
176,12.7326,4402
176,12.7326,4432
176,12.7326,4375
176,13.245,4505
176,13.245,4582
176,13.245,4569
176,13.245,4598
176,13.245,4588
176,13.245,4584
176,13.245,4620
176,13.2827,4693
176,13.2827,4571
176,13.2827,4566
176,13.2827,4588
176,13.2827,4609
176,13.2827,4625
176,13.2827,4648
176,13.3333,4382
176,13.3333,4437
176,13.3333,4399
176,13.3333,4424
176,13.3333,4389
176,13.3333,4536
176,13.3333,4398
176,13.2953,4417
176,13.2953,4435
176,13.2953,4395
176,13.2953,4441
176,13.2953,4419
176,13.2953,4441
176,13.2953,5059
176,13.2953,4399
176,13.2953,4389
176,13.2953,4389
176,13.2953,4393
176,13.2953,4409
176,13.2953,4400
176,13.2953,4406
176,13.308,4404
176,13.308,4391
176,13.308,4459
176,13.308,4447
176,13.308,4397
176,13.308,4394
176,13.308,4411
176,13.2576,4567
176,13.2576,4619
176,13.2576,4413
176,13.2576,4381
176,13.2576,4381
176,13.2576,4831
176,13.2576,4655
176,13.3333,4528
176,13.3333,4891
176,13.3333,4643
176,13.3333,4581
176,13.3333,4632
176,13.3333,4703
176,13.3333,4593
176,13.3333,4512
176,13.3333,4413
176,13.3333,5087
176,13.3333,4393
176,13.3333,4994
176,13.3333,4402
176,12.7827,4404
176,12.7827,4394
176,12.7827,4407
176,12.7827,4396
176,12.7827,4398
176,12.7827,4437
176,12.7827,4375
176,13.2827,4393
176,13.2827,4419
176,13.2827,4404
176,13.2827,4441
176,13.2827,4411
176,13.2827,4384
176,13.2827,4397
176,13.3206,4393
176,13.3206,4394
176,13.3206,4381
176,13.3206,4434
176,13.3206,4395
176,13.3206,4394
176,13.3206,4473
176,13.1455,4410
176,13.1455,4500
176,13.1455,4415
176,13.1455,4441
176,13.1455,4388
176,13.1455,4410
176,13.1455,4472
176,13.2953,4459
176,13.2953,4414
176,13.2953,4407
176,13.2953,4432
176,13.2953,4416
176,13.2953,4439
176,13.2953,4594
176,13.2827,4699
176,13.2827,4540
176,13.2827,4608
176,13.2827,4679
176,13.2827,4682
176,13.2827,4619
176,13.2827,4550
176,13.3333,4598
176,13.3333,4753
176,13.3333,4576
176,13.3333,4650
176,13.3333,4421
176,13.3333,4410
176,13.3333,4392
176,13.2701,4388
176,13.2701,4400
176,13.2701,4391
176,13.2701,4448
176,13.2701,4391
176,13.2701,4401
176,13.2701,4400
176,13.2701,4442
176,13.2701,4422
176,13.2701,4406
176,13.2701,4418
176,13.2701,4403
176,13.2701,4399
176,13.2701,5528
176,12.7953,4451
176,12.7953,4422
176,12.7953,4410
176,12.7953,4416
176,12.7953,4397
176,12.7953,4429
176,12.7953,4394
176,13.1455,4666
176,13.1455,4747
176,13.1455,4544
176,13.1455,4572
176,13.1455,4672
176,13.1455,4543
176,13.1455,4551
176,13.2325,4400
176,13.2325,4396
176,13.2325,4468
176,13.2325,4392
176,13.2325,4437
176,13.2325,4390
176,13.2325,4443
176,13.2701,4391
176,13.2701,4399
176,13.2701,4399
176,13.2701,4400
176,13.2701,4397
176,13.2701,4539
176,13.2701,4724
176,13.2576,4628
176,13.2576,4572
176,13.2576,4573
176,13.2576,4720
176,13.2576,4831
176,13.2576,4833
176,13.2576,4785
176,13.308,4868
176,13.308,4678
176,13.308,4700
176,13.308,4851
176,13.308,4741
176,13.308,4817
176,13.308,5102
176,13.3206,4602
176,13.3206,4607
176,13.3206,4768
176,13.3206,5297
176,13.3206,4532
176,13.3206,4514
176,13.3206,4894
176,13.1086,4394
176,13.1086,4469
176,13.1086,4391
176,13.1086,4445
176,13.1086,4403
176,13.1086,4403
176,13.1086,4388
176,13.2075,4444
176,13.2075,4438
176,13.2075,4565
176,13.2075,4747
176,13.2075,4580
176,13.2075,4520
176,13.2075,4728
176,13.2827,4756
176,13.2827,4445
176,13.2827,4524
176,13.2827,4614
176,13.2827,4634
176,13.2827,4650
176,12.7077,4573
176,12.7077,4758
176,12.7077,4664
176,12.7077,4559
176,12.7077,4582
176,12.7077,4630
176,12.7077,4546
176,13.2953,4595
176,13.2953,4554
176,13.2953,4586
176,13.2953,4546
176,13.2953,4759
176,13.2953,4548
176,13.2953,4545
176,13.3333,4661
176,13.3333,4554
176,13.3333,4636
176,13.3333,4733
176,13.3333,4799
176,13.3333,4713
176,13.3333,4949
176,13.3588,4553
176,13.3588,4690
176,13.3588,4797
176,13.3588,4561
176,13.3588,4704
176,13.3588,4493
176,13.3588,4446
176,13.3588,4475
176,13.3588,4466
176,13.3588,4440
176,13.3588,4442
176,13.3588,4397
176,13.3588,4876
176,13.3588,4873
176,13.2827,4738
176,13.2827,4709
176,13.2827,4466
176,13.2827,4596
176,13.2827,4621
176,13.2827,4677
176,13.2827,4598
176,13.308,4571
176,13.308,4554
176,13.308,4604
176,13.308,4595
176,13.308,4594
176,13.308,4597
176,13.308,4555
176,13.3333,4553
176,13.3333,4579
176,13.3333,4598
176,13.3333,4571
176,13.3333,4610
176,13.3333,4589
176,13.3333,4551
176,13.3333,4554
176,13.3333,4599
176,13.3333,4555
176,13.3333,4607
176,13.3333,4462
176,13.3333,4477
176,13.3333,4415
176,12.9741,6304
176,12.9741,4446
176,12.9741,4411
176,12.9741,4388
176,12.9741,4399
176,12.9741,4402
176,12.9741,4393
176,13.1455,4739
176,13.1455,4454
176,13.1455,4396
176,13.1455,4378
176,13.1455,4405
176,13.1455,4432
176,13.1455,4387
176,13.2953,4452
176,13.2953,4394
176,13.2953,4678
176,13.2953,4929
176,13.2953,4532
176,13.2953,4487
176,13.2953,7035
176,13.0233,4702
176,13.0233,4400
176,13.0233,4404
176,13.0233,4397
176,13.0233,4394
176,13.0233,4444
176,13.0233,4421
176,13.2325,4683
176,13.2325,4399
176,13.2325,4392
176,13.2325,4421
176,13.2325,4705
176,13.2325,4837
176,13.2325,4613
176,13.22,4613
176,13.22,4487
176,13.22,4488
176,13.22,4555
176,13.22,4533
176,13.22,4507
176,13.22,4685
176,13.308,4675
176,13.308,4694
176,13.308,4383
176,13.308,4514
176,13.308,4402
176,13.308,5294
176,13.308,4447
176,13.1455,4766
176,13.1455,4391
176,13.1455,4411
176,13.1455,4473
176,13.1455,4407
176,13.1455,4521
176,13.1455,4405
176,13.1951,4397
176,13.1951,4394
176,13.1951,4749
176,13.1951,4396
176,13.1951,4627
176,13.1951,4565
176,13.1951,4638
176,13.245,4646
176,13.245,4599
176,13.245,5368
176,13.245,4395
176,13.245,4408
176,13.245,4404
176,12.7827,4396
176,12.7827,4559
176,12.7827,4407
176,12.7827,4407
176,12.7827,4539
176,12.7827,4665
176,12.7827,4937
176,13.2827,4806
176,13.2827,4630
176,13.2827,4718
176,13.2827,4730
176,13.2827,4483
176,13.2827,4498
176,13.2827,4729
176,13.3333,4699
176,13.3333,5274
176,13.3333,4646
176,13.3333,4780
176,13.3333,4464
176,13.3333,4577
176,13.3333,4664
176,13.308,4573
176,13.308,4449
176,13.308,4645
176,13.308,4517
176,13.308,4610
176,13.308,4619
176,13.308,4932
176,13.346,4904
176,13.346,4510
176,13.346,4469
176,13.346,4717
176,13.346,4722
176,13.346,4655
176,13.346,4762
176,13.3333,4723
176,13.3333,4689
176,13.3333,4733
176,13.3333,4742
176,13.3333,4584
176,13.3333,4905
176,13.3333,4733
176,13.346,4527
176,13.346,4911
176,13.346,4741
176,13.346,4472
176,13.346,4776
176,13.346,4863
176,13.346,4508
176,13.3333,4473
176,13.3333,4530
176,13.3333,4607
176,13.3333,4522
176,13.3333,4597
176,13.3333,4434
176,13.3333,4407
176,13.3333,4376
176,13.3333,4409
176,13.3333,4402
176,13.3333,4465
176,13.3333,4434
176,13.3333,4768
176,13.3333,4405
176,12.9482,5233
176,12.9482,4857
176,12.9482,4712
176,12.9482,4910
176,12.9482,4884
176,12.9482,5014
176,12.9482,4714
176,13.0233,4957
176,13.0233,4590
176,13.0233,4544
176,13.0233,4492
176,13.0233,4447
176,13.0233,4457
176,13.0233,4395
176,13.2576,4404
176,13.2576,4404
176,13.2576,4401
176,13.2576,4400
176,13.2576,4428
176,13.2576,4391
176,13.2576,4442
176,13.3206,4431
176,13.3206,4426
176,13.3206,4397
176,13.3206,4389
176,13.3206,4389
176,13.3206,4402
176,13.3206,4428
176,13.3206,4384
176,13.3206,4388
176,13.3206,4392
176,13.3206,4408
176,13.3206,4402
176,13.3206,4407
176,13.3206,4412
176,13.2827,4395
176,13.2827,4398
176,13.2827,4396
176,13.2827,4404
176,13.2827,4436
176,13.2827,4401
176,13.2827,4416
176,13.3333,4433
176,13.3333,4396
176,13.3333,4422
176,13.3333,4416
176,13.3333,4402
176,13.3333,4405
176,13.3333,4403
176,13.3588,4409
176,13.3588,4406
176,13.3588,4393
176,13.3588,4440
176,13.3588,4401
176,13.3588,4390
176,13.3588,4374
176,13.3206,4405
176,13.3206,4413
176,13.3206,4390
176,13.3206,4391
176,13.3206,4389
176,13.3206,4422
176,13.3206,4430
176,13.3333,4399
176,13.3333,4397
176,13.3333,4407
176,13.3333,6238
176,13.3333,5252
176,13.3333,4687
176,12.5725,4638
176,12.5725,4378
176,12.5725,4632
176,12.5725,4427
176,12.5725,4392
176,12.5725,4400
176,12.5725,4384
176,13.1951,4393
176,13.1951,4567
176,13.1951,4514
176,13.1951,4812
176,13.1951,4484
176,13.1951,4591
176,13.1951,4613
176,13.2576,4613
176,13.2576,4596
176,13.2576,4551
176,13.2576,4622
176,13.2576,4408
176,13.2576,4573
176,13.2576,4544
176,13.1455,4647
176,13.1455,4687
176,13.1455,4669
176,13.1455,4918
176,13.1455,4907
176,13.1455,4908
176,13.1455,4715
176,13.346,4849
176,13.346,4747
176,13.346,4590
176,13.346,4684
176,13.346,4820
176,13.346,4973
176,13.346,5274
176,13.2953,4486
176,13.2953,4482
176,13.2953,4501
176,13.2953,4586
176,13.2953,4752
176,13.2953,4451
176,13.2953,4477
176,13.346,4890
176,13.346,4472
176,13.346,4493
176,13.346,4482
176,13.346,4778
176,13.346,4646
176,13.346,4756
176,13.346,4922
176,13.346,4664
176,13.346,4608
176,13.346,4554
176,13.346,4526
176,13.346,4568
176,13.346,4445
176,13.3588,4414
176,13.3588,4423
176,13.3588,4444
176,13.3588,4423
176,13.3588,4391
176,13.3588,4426
176,13.3588,4494
176,13.0112,4879
176,13.0112,4388
176,13.0112,4521
176,13.0112,4433
176,13.0112,4477
176,13.0112,4393
176,13.0112,4390
176,13.1209,4424
176,13.1209,4411
176,13.1209,4394
176,13.1209,4395
176,13.1209,4440
176,13.1209,4389
176,13.1209,4383
176,13.2701,4414
176,13.2701,4393
176,13.2701,4419
176,13.2701,4403
176,13.2701,4410
176,13.2701,4407
176,13.2701,4452
176,13.2701,4841
176,13.2701,4675
176,13.2701,4847
176,13.2701,4654
176,13.2701,4861
176,13.2701,4944
176,13.2701,4482
176,13.2701,4391
176,13.2701,4419
176,13.2701,4393
176,13.2701,4412
176,13.2701,4392
176,13.2701,4394
176,13.2701,4392
176,13.308,4407
176,13.308,4393
176,13.308,4476
176,13.308,4429
176,13.308,4436
176,13.308,4397
176,13.308,4441
176,13.2827,4416
176,13.2827,4389
176,13.2827,4443
176,13.2827,4385
176,13.2827,4395
176,13.2827,4414
176,13.2827,4393
176,13.2953,4404
176,13.2953,4382
176,13.2953,4421
176,13.2953,4407
176,13.2953,4409
176,13.2953,4744
176,13.2953,4468
176,13.2827,4831
176,13.2827,4608
176,13.2827,4539
176,13.2827,4742
176,13.2827,4551
176,13.2827,4661
176,13.2827,4768
176,13.3333,4662
176,13.3333,4655
176,13.3333,4759
176,13.3333,4511
176,13.3333,5146
176,13.3333,4399
176,13.3333,4440
176,12.5241,4387
176,12.5241,4392
176,12.5241,4410
176,12.5241,4438
176,12.5241,4734
176,12.5241,4499
176,12.5241,4533
176,13.245,4608
176,13.245,4521
176,13.245,4687
176,13.245,4835
176,13.245,4863
176,13.245,4661
176,13.245,4866
176,13.3206,4628
176,13.3206,4879
176,13.3206,4723
176,13.3206,4830
176,13.3206,4823
176,13.3206,4655
176,13.3206,4758
176,13.346,4703
176,13.346,4770
176,13.346,4610
176,13.346,4726
176,13.346,4616
176,13.346,4618
176,13.346,4574
176,13.3333,4573
176,13.3333,4636
176,13.3333,4739
176,13.3333,4742
176,13.3333,4884
176,13.3333,4734
176,13.3333,4574
176,13.308,4920
176,13.308,4681
176,13.308,4851
176,13.308,4657
176,13.308,4845
176,13.308,4649
176,13.308,4590
176,13.3333,4680
176,13.3333,4700
176,13.3333,4585
176,13.3333,4687
176,13.3333,4705
176,13.3333,4818
176,13.3333,4737
176,13.3333,4939
176,13.3333,4684
176,13.3333,4724
176,13.3333,4895
176,13.3333,4850
176,13.3333,4826
176,13.3333,4781
176,13.3333,4699
176,13.3333,4865
176,13.3333,4707
176,13.3333,4748
176,13.3333,4459
176,13.3333,4438
176,13.3333,4406
176,13.0112,4853
176,13.0112,4417
176,13.0112,4789
176,13.0112,4752
176,13.0112,4640
176,13.0112,4735
176,13.0112,4775
176,13.0233,4584
176,13.0233,4606
176,13.0233,4608
176,13.0233,4474
176,13.0233,4598
176,13.0233,4485
176,13.0233,4430
176,13.2701,4399
176,13.2701,4511
176,13.2701,4418
176,13.2701,4408
176,13.2701,4490
176,13.2701,4398
176,13.2701,7318
176,13.1209,4427
176,13.1209,4415
176,13.1209,4407
176,13.1209,4401
176,13.1209,4409
176,13.1209,4434
176,13.1209,4403
176,13.2827,4398
176,13.2827,4390
176,13.2827,4391
176,13.2827,4465
176,13.2827,4403
176,13.2827,4459
176,13.2827,4475
176,13.2701,4430
176,13.2701,4407
176,13.2701,4428
176,13.2701,4394
176,13.2701,4411
176,13.2701,4620
176,13.2701,4584
176,13.308,4557
176,13.308,4548
176,13.308,4753
176,13.308,4676
176,13.308,4733
176,13.308,4831
176,13.308,4537
176,13.3333,4541
176,13.3333,4565
176,13.3333,4820
176,13.3333,4928
176,13.3333,4909
176,13.3333,4623
176,13.3333,4961
176,13.308,4539
176,13.308,4402
176,13.308,4436
176,13.308,4397
176,13.308,4444
176,13.308,4396
176,13.308,4392
176,13.245,4406
176,13.245,4511
176,13.245,4407
176,13.245,5492
176,13.245,4405
176,13.245,4396
176,12.7326,4730
176,12.7326,4545
176,12.7326,4532
176,12.7326,4609
176,12.7326,4608
176,12.7326,4393
176,12.7326,4397
176,13.2953,4426
176,13.2953,4407
176,13.2953,4386
176,13.2953,4427
176,13.2953,4735
176,13.2953,4636
176,13.2953,4606
176,13.2325,4541
176,13.2325,4535
176,13.2325,4508
176,13.2325,4498
176,13.2325,4597
176,13.2325,4635
176,13.2325,4616
176,13.2827,4587
176,13.2827,4579
176,13.2827,4499
176,13.2827,4723
176,13.2827,4491
176,13.2827,4786
176,13.2827,4794
176,13.346,4683
176,13.346,4611
176,13.346,4606
176,13.346,4578
176,13.346,4493
176,13.346,4815
176,13.346,4591
176,13.308,4608
176,13.308,4569
176,13.308,4566
176,13.308,4559
176,13.308,4582
176,13.308,4557
176,13.308,4588
176,13.346,4583
176,13.346,4512
176,13.346,4650
176,13.346,4887
176,13.346,4799
176,13.346,4991
176,13.346,4800
176,13.346,4943
176,13.346,4890
176,13.346,4752
176,13.346,4580
176,13.346,4715
176,13.346,4860
176,13.346,4577
176,13.308,4607
176,13.308,4748
176,13.308,4576
176,13.308,4573
176,13.308,4528
176,13.308,4589
176,13.308,5188
176,12.963,4734
176,12.963,4384
176,12.963,4413
176,12.963,4395
176,12.963,4394
176,12.963,4435
176,12.963,4380
176,13.1209,4439
176,13.1209,4880
176,13.1209,4964
176,13.1209,4466
176,13.1209,4693
176,13.1209,4680
176,13.1209,4748
176,13.3206,4513
176,13.3206,4566
176,13.3206,4670
176,13.3206,4401
176,13.3206,4395
176,13.3206,4565
176,13.3206,4543
176,13.346,4527
176,13.346,4767
176,13.346,4385
176,13.346,4464
176,13.346,4730
176,13.346,4639
176,13.346,4540
176,13.3206,4488
176,13.3206,4559
176,13.3206,4422
176,13.3206,4429
176,13.3206,4395
176,13.3206,4940
176,13.3206,4600
176,13.3333,4638
176,13.3333,5010
176,13.3333,4935
176,13.3333,4564
176,13.3333,4764
176,13.3333,4541
176,13.3333,5011
176,13.2953,4942
176,13.2953,4559
176,13.2953,4905
176,13.2953,4571
176,13.2953,4470
176,13.2953,4587
176,13.2953,4478
176,13.3333,4657
176,13.3333,4821
176,13.3333,4762
176,13.3333,4578
176,13.3333,4605
176,13.3333,4580
176,13.3333,4838
176,13.3206,4533
176,13.3206,4776
176,13.3206,4553
176,13.3206,4555
176,13.3206,4597
176,13.3206,4691
176,13.3206,4907
176,13.3588,4697
176,13.3588,4430
176,13.3588,5894
176,13.3588,4439
176,13.3588,4394
176,13.3588,4405
176,13.3588,4431
176,12.7576,4404
176,12.7576,4395
176,12.7576,4421
176,12.7576,4444
176,12.7576,4403
176,12.7576,4379
176,12.7576,4387
176,13.2701,4392
176,13.2701,4472
176,13.2701,4445
176,13.2701,4414
176,13.2701,4386
176,13.2701,4676
176,13.2701,4555
176,13.308,4537
176,13.308,4437
176,13.308,4596
176,13.308,4393
176,13.308,4670
176,13.308,4395
176,13.308,4607
176,13.0719,4658
176,13.0719,4691
176,13.0719,4483
176,13.0719,4403
176,13.0719,4486
176,13.0719,4487
176,13.0719,4464
176,13.2953,4383
176,13.2953,4396
176,13.2953,4410
176,13.2953,4392
176,13.2953,4392
176,13.2953,4455
176,13.2953,4564
176,13.1951,4812
176,13.1951,4546
176,13.1951,4554
176,13.1951,4543
176,13.1951,4417
176,13.1951,5420
176,13.1951,4599
176,12.975,8352
176,12.975,4396
176,12.975,4402
176,12.975,4409
176,12.975,4391
176,12.975,4391
176,12.8205,6770
176,12.8205,4836
176,12.8205,4458
176,12.8205,4707
176,12.8205,4498
176,12.8205,4395
176,12.8205,4413
176,12.9096,4379
176,12.9096,4444
176,12.9096,4802
176,12.9096,4647
176,12.9096,4855
176,12.9096,4691
176,12.9096,5466
176,12.9271,4457
176,12.9271,4720
176,12.9271,4676
176,12.9271,4685
176,12.9271,4700
176,12.9271,4802
176,12.9271,4659
176,13.0719,4700
176,13.0719,4567
176,13.0719,4536
176,13.0719,4459
176,13.0719,4859
176,13.0719,4577
176,13.0719,4600
176,13.308,4392
176,13.308,4427
176,13.308,4407
176,13.308,4438
176,13.308,4459
176,13.308,4465
176,13.308,4387
176,13.308,4408
176,13.308,4411
176,13.308,4412
176,13.308,4426
176,13.308,4384
176,13.308,4502
176,13.308,4406
176,13.2576,4397
176,13.2576,4398
176,13.2576,4403
176,13.2576,5513
176,13.2576,4475
176,13.2576,4392
176,12.9096,4456
176,12.9096,4395
176,12.9096,4450
176,12.9096,4574
176,12.9096,4918
176,12.9096,5100
176,12.9096,4386
176,13.1827,4396
176,13.1827,4417
176,13.1827,4393
176,13.1827,4410
176,13.1827,4405
176,13.1827,4616
176,13.1827,4479
176,13.2325,4498
176,13.2325,5469
176,13.2325,4805
176,13.2325,4595
176,13.2325,4493
176,13.2325,4386
176,13.2325,4394
176,13.1209,4443
176,13.1209,4423
176,13.1209,4385
176,13.1209,4783
176,13.1209,4776
176,13.1209,4719
176,13.1209,4707
176,13.2701,4629
176,13.2701,4489
176,13.2701,4439
176,13.2701,5811
176,13.2701,4480
176,13.2701,4803
176,13.2701,4752
176,12.4283,4597
176,12.4283,4610
176,12.4283,4494
176,12.4283,4558
176,12.4283,4404
176,12.4283,4396
176,12.4283,4406
176,13.308,4438
176,13.308,4378
176,13.308,4390
176,13.308,4404
176,13.308,4398
176,13.308,4402
176,13.308,4396
176,13.2953,4404
176,13.2953,4405
176,13.2953,4443
176,13.2953,4391
176,13.2953,4398
176,13.2953,4400
176,13.2953,4431
176,13.3333,4401
176,13.3333,4404
176,13.3333,4406
176,13.3333,4399
176,13.3333,4406
176,13.3333,4391
176,13.3333,4392
176,13.3206,4441
176,13.3206,4387
176,13.3206,4403
176,13.3206,4430
176,13.3206,4400
176,13.3206,4405
176,13.3206,4488
176,13.308,4391
176,13.308,4497
176,13.308,4405
176,13.308,4403
176,13.308,4396
176,13.308,4484
176,13.308,4378
176,13.2953,4385
176,13.2953,4398
176,13.2953,4508
176,13.2953,4757
176,13.2953,4873
176,13.2953,4644
176,13.2953,4657
176,13.2827,4643
176,13.2827,4849
176,13.2827,4664
176,13.2827,4663
176,13.2827,4890
176,13.2827,4816
176,13.2827,6092
176,12.987,4702
176,12.987,4742
176,12.987,4657
176,12.987,4687
176,12.987,4665
176,12.987,4854
176,12.987,5368
176,12.8558,4398
176,12.8558,4527
176,12.8558,4789
176,12.8558,4557
176,12.8558,4555
176,12.8558,4509
176,12.8558,4533
176,13.0233,4423
176,13.0233,4398
176,13.0233,4465
176,13.0233,4411
176,13.0233,4420
176,13.0233,4428
176,13.0233,4543
176,13.245,4440
176,13.245,4412
176,13.245,4403
176,13.245,4402
176,13.245,4578
176,13.245,4441
176,13.245,4541
176,13.22,4398
176,13.22,4395
176,13.22,4384
176,13.22,4412
176,13.22,4396
176,13.22,4441
176,13.22,4418
176,13.22,4559
176,13.22,4789
176,13.22,4511
176,13.22,4845
176,13.22,4882
176,13.22,4589
176,13.22,4650
176,13.2827,4579
176,13.2827,4583
176,13.2827,4650
176,13.2827,4606
176,13.2827,4614
176,13.2827,4412
176,13.2827,4386
176,13.2576,4411
176,13.2576,4390
176,13.2576,4401
176,13.2576,4392
176,13.2576,4409
176,13.2576,4388
176,13.2576,4399
176,13.3206,4467
176,13.3206,4414
176,13.3206,4517
176,13.3206,4733
176,13.3206,4710
176,13.3206,4638
176,13.3206,5189
176,13.1827,4493
176,13.1827,4405
176,13.1827,4400
176,13.1827,4489
176,13.1827,4404
176,13.1827,4448
176,13.1827,4549
176,13.2701,4422
176,13.2701,6055
176,13.2701,4915
176,13.2701,4410
176,13.2701,4757
176,13.2701,4471
176,12.464,4409
176,12.464,4418
176,12.464,4428
176,12.464,4407
176,12.464,4775
176,12.464,4531
176,12.464,4731
176,13.308,4394
176,13.308,4386
176,13.308,4509
176,13.308,5001
176,13.308,4474
176,13.308,4401
176,13.308,4410
176,13.3333,4438
176,13.3333,4645
176,13.3333,4421
176,13.3333,4447
176,13.3333,4396
176,13.3333,4429
176,13.3333,4415
176,13.3206,4410
176,13.3206,4468
176,13.3206,4407
176,13.3206,4495
176,13.3206,4410
176,13.3206,4399
176,13.3206,4388
176,13.3333,4397
176,13.3333,4409
176,13.3333,4429
176,13.3333,4414
176,13.3333,4407
176,13.3333,4400
176,13.3333,4430
176,13.3206,4412
176,13.3206,4402
176,13.3206,4389
176,13.3206,4585
176,13.3206,4663
176,13.3206,4471
176,13.3206,4923
176,13.2953,4704
176,13.2953,4678
176,13.2953,4703
176,13.2953,4689
176,13.2953,4561
176,13.2953,4580
176,13.2953,4574
176,13.3206,4650
176,13.3206,4598
176,13.3206,4677
176,13.3206,4946
176,13.3206,4555
176,13.3206,4672
176,13.3206,4595
176,13.3206,4612
176,13.3206,4606
176,13.3206,4579
176,13.3206,4587
176,13.3206,4681
176,13.3206,5801
176,13.3206,4736
176,12.8713,4474
176,12.8713,4405
176,12.8713,4398
176,12.8713,4412
176,12.8713,4406
176,12.8713,4407
176,12.8713,4392
176,13.1827,4539
176,13.1827,4388
176,13.1827,4532
176,13.1827,4610
176,13.1827,4669
176,13.1827,4609
176,13.1827,4856
176,13.2953,4623
176,13.2953,4547
176,13.2953,4703
176,13.2953,4722
176,13.2953,4815
176,13.2953,4717
176,13.2953,4849
176,13.3206,4791
176,13.3206,5023
176,13.3206,4659
176,13.3206,4553
176,13.3206,4842
176,13.3206,4651
176,13.3206,4759
176,13.3206,4912
176,13.3206,4728
176,13.3206,4860
176,13.3206,4653
176,13.3206,4584
176,13.3206,4648
176,13.3206,4643
176,13.3206,4854
176,13.3206,4732
176,13.3206,4453
176,13.3206,4781
176,13.3206,4548
176,13.3206,4621
176,13.3206,4588
176,13.308,5027
176,13.308,4588
176,13.308,4593
176,13.308,4636
176,13.308,4595
176,13.308,4401
176,13.308,4528
176,13.3206,4513
176,13.3206,4590
176,13.3206,4428
176,13.3206,4712
176,13.3206,4527
176,13.3206,4392
176,13.3206,6125
176,12.951,4872
176,12.951,7253
176,12.951,5116
176,12.951,4477
176,8.29493,7856
176,8.29493,8112
176,8.29493,4419
176,8.29493,4844
176,7.57576,4542
176,7.57576,4414
176,7.57576,5610
176,7.57576,4400
176,7.57576,4513
176,7.57576,4441
176,7.57576,4395
176,13.0597,5132
176,13.0597,4463
176,13.0597,4458
176,13.0597,4397
176,13.0597,4450
176,13.0597,4412
176,13.0597,4703
176,13.1703,4646
176,13.1703,4598
176,13.1703,6642
176,13.1703,4760
176,13.1703,4583
176,13.1703,4470
176,13.1703,4395
176,13.1086,4403
176,13.1086,4445
176,13.1086,4397
176,13.1086,4464
176,13.1086,4412
176,13.1086,4407
176,13.1086,4393
176,13.22,4397
176,13.22,4381
176,13.22,4404
176,13.22,4405
176,13.22,5179
176,13.22,4595
176,13.22,4394
176,13.2075,4394
176,13.2075,4434
176,13.2075,4393
176,13.2075,4379
176,13.2075,4401
176,13.2075,4390
176,13.2075,4485
176,13.308,4433
176,13.308,4387
176,13.308,4436
176,13.308,4399
176,13.308,4398
176,13.308,4396
176,13.308,4397
176,13.308,4397
176,13.308,4383
176,13.308,4389
176,13.308,4398
176,13.308,4382
176,13.308,4408
176,13.308,4419
176,13.308,4393
176,13.308,4434
176,13.308,4398
176,13.308,4389
176,13.308,4397
176,13.308,4411
176,13.308,5705
176,12.7451,4396
176,12.7451,4404
176,12.7451,4439
176,12.7451,4398
176,12.7451,4411
176,12.7451,4391
176,12.7451,4393
176,13.2325,4424
176,13.2325,4395
176,13.2325,4394
176,13.2325,4406
176,13.2325,4398
176,13.2325,4401
176,13.2325,4405
176,13.3715,4457
176,13.3715,4409
176,13.3715,4407
176,13.3715,4420
176,13.3715,4401
176,13.3715,4398
176,13.3715,4396
176,13.3333,4392
176,13.3333,4387
176,13.3333,4424
176,13.3333,5916
176,13.3333,4754
176,13.3333,4396
176,12.8332,4846
176,12.8332,5648
176,12.8332,4388
176,12.8332,4394
176,12.8332,4430
176,12.8332,4403
176,12.8332,4426
176,13.1209,4819
176,13.1209,4683
176,13.1209,4541
176,13.1209,4719
176,13.1209,4737
176,13.1209,4465
176,13.1209,4590
176,12.9482,4486
176,12.9482,4402
176,12.9482,4402
176,12.9482,4880
176,12.9482,4700
176,12.9482,5390
176,12.9482,4538
176,13.2075,4472
176,13.2075,4782
176,13.2075,4642
176,13.2075,4615
176,13.2075,4526
176,13.2075,4558
176,13.2075,4573
176,13.3333,4624
176,13.3333,4869
176,13.3333,4973
176,13.3333,4526
176,13.3333,4596
176,13.3333,4452
176,13.3333,4397
176,13.2701,4398
176,13.2701,4392
176,13.2701,4475
176,13.2701,5118
176,13.2701,4731
176,13.2701,4415
176,12.5241,5041
176,12.5241,4439
176,12.5241,4388
176,12.5241,4381
176,12.5241,4626
176,12.5241,4571
176,12.5241,4677
176,13.1455,4683
176,13.1455,4604
176,13.1455,4697
176,13.1455,4400
176,13.1455,4394
176,13.1455,4398
176,13.1455,4386
176,13.2576,4504
176,13.2576,4397
176,13.2576,4398
176,13.2576,4389
176,13.2576,4500
176,13.2576,4412
176,13.2576,4534
176,13.2701,4402
176,13.2701,4764
176,13.2701,4897
176,13.2701,4474
176,13.2701,4428
176,13.2701,4479
176,13.2701,4489
176,13.2325,4430
176,13.2325,4522
176,13.2325,4434
176,13.2325,4411
176,13.2325,4493
176,13.2325,4441
176,13.2325,4401
176,13.2827,4397
176,13.2827,4395
176,13.2827,4394
176,13.2827,4388
176,13.2827,4388
176,13.2827,4440
176,13.2827,4393
176,13.3333,4383
176,13.3333,4440
176,13.3333,4394
176,13.3333,4433
176,13.3333,4397
176,13.3333,4385
176,13.3333,4436
176,13.3206,4404
176,13.3206,4423
176,13.3206,4391
176,13.3206,4399
176,13.3206,4392
176,13.3206,4402
176,13.3206,4408
176,13.308,4391
176,13.308,4407
176,13.308,4403
176,13.308,4390
176,13.308,4392
176,13.308,4406
176,13.308,4438
176,12.9225,4720
176,12.9225,4732
176,12.9225,4642
176,12.9225,4589
176,12.9225,4538
176,12.9225,4582
176,12.9225,4547
176,13.1951,4914
176,13.1951,5054
176,13.1951,4813
176,13.1951,4838
176,13.1951,4693
176,13.1951,4718
176,13.1951,4734
176,13.308,4800
176,13.308,4856
176,13.308,4732
176,13.308,4762
176,13.308,4609
176,13.308,4835
176,13.308,4458
176,13.1703,4420
176,13.1703,4456
176,13.1703,4405
176,13.1703,4390
176,13.1703,4544
176,13.1703,4470
176,13.1703,4421
176,13.3333,4389
176,13.3333,4421
176,13.3333,4399
176,13.3333,4507
176,13.3333,4386
176,13.3333,4480
176,13.3333,4390
176,13.3206,4394
176,13.3206,4403
176,13.3206,4415
176,13.3206,4389
176,13.3206,4409
176,13.3206,4688
176,13.3206,4934
176,13.2953,4721
176,13.2953,4569
176,13.2953,4586
176,13.2953,4596
176,13.2953,4585
176,13.2953,4590
176,13.2953,4562
176,13.2576,4398
176,13.2576,4420
176,13.2576,4384
176,13.2576,4419
176,13.2576,4729
176,13.2576,4855
176,13.2576,4520
176,13.2075,4450
176,13.2075,4508
176,13.2075,4527
176,13.2075,4660
176,13.2075,4787
176,13.2075,4576
176,13.2075,4805
176,13.3333,4515
176,13.3333,4648
176,13.3333,4721
176,13.3333,5393
176,13.3333,4407
176,13.3333,4381
176,12.7326,4404
176,12.7326,4410
176,12.7326,4382
176,12.7326,4424
176,12.7326,4758
176,12.7326,4868
176,12.7326,4843
176,13.2827,4873
176,13.2827,4907
176,13.2827,4670
176,13.2827,4474
176,13.2827,4816
176,13.2827,4559
176,13.2827,4569
176,13.308,4560
176,13.308,4527
176,13.308,4563
176,13.308,4890
176,13.308,4396
176,13.308,4401
176,13.308,4397
176,13.1703,4409
176,13.1703,4470
176,13.1703,4412
176,13.1703,4534
176,13.1703,4445
176,13.1703,4519
176,13.1703,4494
176,13.3206,4458
176,13.3206,4793
176,13.3206,4664
176,13.3206,4677
176,13.3206,4698
176,13.3206,4682
176,13.3206,4592
176,13.308,4929
176,13.308,4861
176,13.308,4816
176,13.308,4634
176,13.308,4889
176,13.308,4517
176,13.308,4542
176,13.3588,4774
176,13.3588,4561
176,13.3588,4739
176,13.3588,4562
176,13.3588,4471
176,13.3588,4396
176,13.3588,4394
176,13.3333,4414
176,13.3333,4398
176,13.3333,4408
176,13.3333,4408
176,13.3333,4446
176,13.3333,4715
176,13.3333,4518
176,13.3206,4476
176,13.3206,4459
176,13.3206,4401
176,13.3206,4380
176,13.3206,4373
176,13.3206,4402
176,13.3206,6015
176,12.9271,5308
176,12.9271,4393
176,12.9271,4392
176,12.9271,4386
176,12.9271,4437
176,12.9271,4409
176,12.9271,4406
176,13.1951,4385
176,13.1951,4392
176,13.1951,4398
176,13.1951,4384
176,13.1951,4406
176,13.1951,4434
176,13.1951,4411
176,13.2701,4395
176,13.2701,4426
176,13.2701,4449
176,13.2701,4440
176,13.2701,4406
176,13.2701,4385
176,13.2701,4412
176,13.3206,4429
176,13.3206,4424
176,13.3206,4392
176,13.3206,4398
176,13.3206,4410
176,13.3206,4386
