0,0,82
0,0,23
0,0,20
0,0,21
0,0,18
0,0,34
0,0,40
0,0,18
0,0,34
0,0,36
0,0,41
0,0,38
0,0,38
0,0,38
0,0,46
0,0,39
0,0,38
0,0,40
0,0,36
0,0,39
0,0,39
0,0,37
0,42.7861,39
0,42.7861,39
0,42.7861,30
0,42.7861,25
0,42.7861,65
0,42.7861,39
0,42.7861,49
0,42.7861,49
0,42.7861,30
0,42.7861,41
0,42.7861,41
0,42.7861,41
0,42.7861,44
0,42.7861,39
0,42.7861,43
0,42.7861,38
0,42.7861,25
0,42.7861,38
0,42.7861,38
0,42.7861,39
0,42.7861,40
0,42.7861,39
0,42.7861,46
0,42.7861,38
0,42.7861,39
0,42.7861,38
0,42.7861,40
0,42.7861,39
0,42.7861,49
0,42.7861,28
0,60.0985,40
0,60.0985,40
0,60.0985,39
0,60.0985,38
0,60.0985,39
0,60.0985,42
0,60.0985,38
0,60.0985,41
0,60.0985,39
0,60.0985,37
0,60.0985,42
0,60.0985,38
0,60.0985,39
0,60.0985,40
0,60.0985,38
0,60.0985,39
0,60.0985,38
0,60.0985,38
0,60.0985,32
0,60.0985,29
0,60.0985,39
0,60.0985,41
0,60.0985,38
0,60.0985,37
0,60.0985,40
0,60.0985,39
0,60.0985,39
0,60.0985,40
0,60.0985,40
0,60.0985,34
0,59.9401,48
0,59.9401,38
0,59.9401,57
0,59.9401,38
0,59.9401,39
0,59.9401,38
0,59.9401,39
0,59.9401,28
0,59.9401,39
0,59.9401,44
0,59.9401,41
0,59.9401,42
0,59.9401,38
0,59.9401,39
0,59.9401,39
0,59.9401,38
0,59.9401,39
0,59.9401,38
0,59.9401,41
0,59.9401,38
0,59.9401,21
0,59.9401,20
0,59.9401,28
0,59.9401,22
0,59.9401,22
0,59.9401,40
0,59.9401,39
0,59.9401,39
0,59.9401,25
0,59.9401,22
0,59.9401,40
0,60.9391,39
0,60.9391,40
0,60.9391,40
0,60.9391,38
0,60.9391,38
0,60.9391,39
0,60.9391,39
0,60.9391,37
0,60.9391,39
0,60.9391,39
0,60.9391,41
0,60.9391,38
0,60.9391,40
0,60.9391,43
0,60.9391,39
0,60.9391,39
0,60.9391,38
0,60.9391,39
0,60.9391,39
0,60.9391,46
0,60.9391,60
0,60.9391,28
0,60.9391,46
0,60.9391,40
0,60.9391,39
0,60.9391,40
0,60.9391,47
0,60.9391,39
0,60.9391,39
0,60.9391,39
0,59.9401,40
0,59.9401,24
0,59.9401,37
0,59.9401,38
0,59.9401,38
0,59.9401,66
0,59.9401,35
0,59.9401,39
0,59.9401,38
0,59.9401,39
0,59.9401,44
0,59.9401,37
0,59.9401,36
0,59.9401,40
0,59.9401,39
0,59.9401,33
0,59.9401,78
0,59.9401,38
0,59.9401,39
0,59.9401,61
0,59.9401,33
0,59.9401,66
0,59.9401,37
0,59.9401,39
0,59.9401,40
0,59.9401,40
0,59.9401,49
0,59.9401,38
0,59.9401,41
0,59.9401,40
0,60.3363,38
0,60.3363,38
0,60.3363,40
0,60.3363,39
0,60.3363,39
0,60.3363,39
0,60.3363,39
0,60.3363,39
0,60.3363,38
0,60.3363,44
0,60.3363,37
0,60.3363,40
0,60.3363,41
0,60.3363,37
0,60.3363,41
0,60.3363,38
0,60.3363,39
0,60.3363,38
0,60.3363,42
0,60.3363,37
0,60.3363,44
0,60.3363,38
0,60.3363,38
0,60.3363,39
0,60.3363,38
0,60.3363,48
0,60.3363,30
22,60.3363,98
22,60.3363,75
22,60.3363,57
22,58.7065,80
22,58.7065,61
22,58.7065,58
22,58.7065,46
22,58.7065,60
22,58.7065,56
22,58.7065,51
22,58.7065,45
22,58.7065,45
22,58.7065,47
22,58.7065,47
22,58.7065,50
22,58.7065,42
22,58.7065,49
22,58.7065,51
22,58.7065,45
22,58.7065,48
22,58.7065,46
22,58.7065,57
22,58.7065,69
22,58.7065,53
22,58.7065,50
22,58.7065,46
22,58.7065,40
22,58.7065,48
22,58.7065,51
22,58.7065,42
22,58.7065,42
22,58.7065,42
22,58.7065,44
22,60.0394,44
22,60.0394,38
22,60.0394,46
22,60.0394,41
22,60.0394,50
22,60.0394,41
22,60.0394,53
22,60.0394,61
22,60.0394,58
22,60.0394,50
22,60.0394,45
22,60.0394,41
22,60.0394,39
22,60.0394,50
22,60.0394,54
22,60.0394,48
22,60.0394,41
22,60.0394,41
22,60.0394,47
22,60.0394,53
22,60.0394,53
22,60.0394,44
22,60.0394,37
22,60.0394,50
22,60.0394,67
22,60.0394,69
22,60.0394,45
22,60.0394,40
22,60.0394,51
22,60.0394,49
22,60.0394,52
22,60.2172,41
22,60.2172,52
22,60.2172,43
22,60.2172,51
22,60.2172,57
22,60.2172,56
22,60.2172,53
22,60.2172,52
22,60.2172,57
22,60.2172,54
22,60.2172,51
22,60.2172,51
22,60.2172,54
22,60.2172,54
22,60.2172,57
22,60.2172,58
22,60.2172,53
22,60.2172,65
22,60.2172,54
22,60.2172,43
22,60.2172,54
22,60.2172,49
22,60.2172,51
22,60.2172,55
22,60.2172,56
22,60.2172,56
22,60.2172,45
22,60.2172,50
22,60.2172,45
22,60.2172,39
22,59.7453,43
22,59.7453,44
22,59.7453,50
22,59.7453,61
22,59.7453,95
22,59.7453,71
22,59.7453,60
22,59.7453,60
22,59.7453,62
22,59.7453,60
22,59.7453,68
22,59.7453,100
22,59.7453,95
22,59.7453,64
22,59.7453,61
22,59.7453,79
22,59.7453,68
22,59.7453,56
22,59.7453,65
22,59.7453,65
22,59.7453,50
22,59.7453,47
22,59.7453,50
22,59.7453,54
22,59.7453,54
22,59.7453,53
22,59.7453,44
22,59.7453,55
22,59.7453,49
22,59.7453,53
22,59.7453,52
22,59.9803,55
22,59.9803,52
22,59.9803,58
22,59.9803,47
22,59.9803,58
22,59.9803,50
22,59.9803,50
22,59.9803,43
22,59.9803,52
22,59.9803,47
22,59.9803,42
22,59.9803,47
22,59.9803,45
22,59.9803,51
22,59.9803,53
22,59.9803,57
22,59.9803,75
22,59.9803,60
22,59.9803,53
22,59.9803,50
22,59.9803,49
22,59.9803,42
22,59.9803,51
22,59.9803,48
22,59.9803,37
22,59.9803,50
22,59.9803,43
22,59.9803,43
22,59.9803,51
22,59.9803,53
22,60.0394,44
22,60.0394,50
22,60.0394,52
22,60.0394,50
22,60.0394,55
22,60.0394,50
22,60.0394,51
22,60.0394,52
22,60.0394,45
22,60.0394,45
22,60.0394,47
22,60.0394,54
22,60.0394,53
22,60.0394,54
22,60.0394,55
22,60.0394,51
22,60.0394,65
22,60.0394,54
22,60.0394,47
22,60.0394,49
22,60.0394,51
22,60.0394,48
22,60.0394,42
22,60.0394,56
22,60.0394,44
22,60.0394,46
22,60.0394,50
22,60.0394,41
22,60.0394,44
22,60.0394,66
22,60.0394,51
22,60.2172,38
22,60.2172,42
22,60.2172,40
22,60.2172,49
22,60.2172,55
22,60.2172,55
22,60.2172,49
22,60.2172,52
22,60.2172,52
22,60.2172,47
22,60.2172,41
22,60.2172,50
22,60.2172,42
22,60.2172,45
22,60.2172,44
22,60.2172,53
22,60.2172,50
22,60.2172,51
22,60.2172,46
22,60.2172,44
22,60.2172,45
22,60.2172,52
22,60.2172,44
22,60.2172,52
22,60.2172,53
22,60.2172,52
22,60.2172,51
22,60.2172,52
22,60.2172,50
22,60.2172,54
22,59.761,53
22,59.761,51
22,59.761,51
22,59.761,48
22,59.761,53
22,59.761,41
22,59.761,42
22,59.761,56
22,59.761,49
22,59.761,50
22,59.761,52
22,59.761,50
22,59.761,53
22,59.761,53
22,59.761,50
22,59.761,50
22,59.761,43
22,59.761,44
22,59.761,70
22,59.761,49
22,59.761,40
22,59.761,42
22,59.761,48
22,59.761,53
22,59.761,59
22,59.761,53
22,59.761,52
22,59.761,55
22,59.761,50
22,59.761,54
22,60.2767,47
22,60.2767,54
22,60.2767,52
22,60.2767,51
22,60.2767,55
22,60.2767,52
22,60.2767,54
22,60.2767,54
22,60.2767,59
22,60.2767,54
22,60.2767,54
22,60.2767,54
22,60.2767,53
22,60.2767,50
22,60.2767,45
22,60.2767,40
22,60.2767,42
22,60.2767,51
22,60.2767,42
22,60.2767,52
22,60.2767,49
22,60.2767,48
22,60.2767,46
22,60.2767,54
22,60.2767,47
22,60.2767,56
22,60.2767,54
22,60.2767,50
22,60.2767,40
22,60.2767,77
22,59.9401,58
22,59.9401,53
22,59.9401,52
22,59.9401,58
22,59.9401,57
22,59.9401,51
22,59.9401,50
22,59.9401,50
22,59.9401,55
22,59.9401,54
22,59.9401,52
22,59.9401,54
22,59.9401,52
22,59.9401,51
22,59.9401,42
22,59.9401,47
22,59.9401,52
22,59.9401,54
22,59.9401,52
22,59.9401,51
22,59.9401,47
22,59.9401,46
22,59.9401,54
22,59.9401,53
22,59.9401,53
22,59.9401,59
22,59.9401,54
22,59.9401,53
22,59.9401,39
22,59.9401,41
22,59.8205,41
22,59.8205,48
22,59.8205,53
22,59.8205,56
22,59.8205,54
22,59.8205,51
22,59.8205,52
22,59.8205,47
22,59.8205,70
22,59.8205,44
22,59.8205,40
22,59.8205,40
22,59.8205,49
22,59.8205,41
22,59.8205,48
22,59.8205,50
22,59.8205,56
22,59.8205,52
22,59.8205,40
22,59.8205,47
22,59.8205,45
22,59.8205,57
22,59.8205,56
22,59.8205,53
22,59.8205,58
22,59.8205,50
22,59.8205,51
22,59.8205,50
22,59.8205,50
22,59.8205,45
22,59.9401,42
22,59.9401,50
22,59.9401,47
22,59.9401,42
22,59.9401,45
22,59.9401,45
22,59.9401,52
22,59.9401,48
22,59.9401,47
22,59.9401,39
22,59.9401,44
22,59.9401,50
22,59.9401,44
22,59.9401,48
22,59.9401,42
22,59.9401,52
22,59.9401,54
22,59.9401,49
22,59.9401,42
22,59.9401,52
22,59.9401,57
22,59.9401,61
22,59.9401,54
22,59.9401,53
22,59.9401,52
22,59.9401,53
22,59.9401,49
22,59.9401,50
22,59.9401,50
22,59.9401,53
22,59.9401,45
22,60.2767,44
22,60.2767,48
22,60.2767,44
22,60.2767,50
22,60.2767,44
22,60.2767,55
22,60.2767,42
22,60.2767,49
22,60.2767,45
22,60.2767,47
22,60.2767,48
22,60.2767,48
22,60.2767,49
22,60.2767,49
22,60.2767,57
22,60.2767,47
22,60.2767,52
22,60.2767,52
22,60.2767,54
22,60.2767,54
22,60.2767,51
22,60.2767,55
22,60.2767,52
22,60.2767,57
22,60.2767,52
22,60.2767,54
22,60.2767,51
22,60.2767,54
22,60.2767,54
22,60.2767,55
22,59.761,53
22,59.761,55
22,59.761,57
44,59.761,26
44,59.761,27
44,59.761,26
44,59.761,28
44,59.761,30
44,59.761,26
44,59.761,27
44,59.761,28
44,59.761,26
44,59.761,29
44,59.761,27
44,59.761,27
44,59.761,27
44,59.761,28
44,59.761,27
44,59.761,27
44,59.761,27
44,59.761,27
44,59.761,27
44,59.761,27
44,59.761,28
44,47.1513,27
44,47.1513,29
44,47.1513,28
44,47.1513,28
44,47.1513,28
44,47.1513,29
44,47.1513,28
44,47.1513,29
44,47.1513,26
44,47.1513,29
44,47.1513,28
44,47.1513,28
44,47.1513,29
44,47.1513,27
44,47.1513,25
44,47.1513,28
44,47.1513,27
44,47.1513,47
44,47.1513,27
44,47.1513,28
44,47.1513,27
44,47.1513,28
44,47.1513,27
44,47.1513,26
44,47.1513,27
44,47.1513,27
44,51.2821,28
44,51.2821,27
44,51.2821,29
44,51.2821,28
44,51.2821,27
44,51.2821,27
44,51.2821,27
44,51.2821,27
44,51.2821,27
44,51.2821,26
44,51.2821,27
44,51.2821,28
44,51.2821,26
44,51.2821,37
44,51.2821,27
44,51.2821,28
44,51.2821,28
44,51.2821,28
44,51.2821,27
44,51.2821,29
44,51.2821,27
44,51.2821,27
44,51.2821,30
44,51.2821,30
44,51.2821,27
44,51.2821,27
44,51.0304,26
44,51.0304,28
44,51.0304,28
44,51.0304,28
44,51.0304,28
44,51.0304,28
44,51.0304,28
44,51.0304,27
44,51.0304,26
44,51.0304,27
44,51.0304,27
44,51.0304,27
44,51.0304,26
44,51.0304,28
44,51.0304,30
44,51.0304,28
44,51.0304,30
44,51.0304,27
44,51.0304,28
44,51.0304,27
44,51.0304,27
44,51.0304,27
44,51.0304,27
44,51.0304,28
44,51.0304,28
44,50.9491,28
44,50.9491,26
44,50.9491,26
44,50.9491,26
44,50.9491,27
44,50.9491,29
44,50.9491,27
44,50.9491,25
44,50.9491,28
44,50.9491,27
44,50.9491,27
44,50.9491,27
44,50.9491,27
44,50.9491,27
44,50.9491,27
44,50.9491,27
44,50.9491,28
44,50.9491,27
44,50.9491,29
44,50.9491,28
44,50.9491,29
44,50.9491,28
44,50.9491,28
44,50.9491,27
44,50.9491,28
44,50.9491,26
44,51.6899,28
44,51.6899,27
44,51.6899,28
44,51.6899,27
44,51.6899,26
44,51.6899,26
44,51.6899,27
44,51.6899,28
44,51.6899,28
44,51.6899,26
44,51.6899,26
44,51.6899,27
44,51.6899,27
44,51.6899,28
44,51.6899,26
44,51.6899,27
44,51.6899,27
44,51.6899,28
44,51.6899,27
44,51.6899,26
44,51.6899,28
44,51.6899,28
44,51.6899,26
44,51.6899,26
44,51.6899,28
44,51.6899,43
44,51.4851,25
44,51.4851,27
44,51.4851,28
44,51.4851,27
44,51.4851,28
44,51.4851,27
44,51.4851,28
44,51.4851,27
44,51.4851,29
44,51.4851,27
44,51.4851,29
44,51.4851,27
44,51.4851,29
44,51.4851,26
44,51.4851,27
44,51.4851,27
44,51.4851,26
44,51.4851,28
44,51.4851,29
44,51.4851,28
44,51.4851,27
44,51.4851,28
44,51.4851,26
44,51.4851,27
44,51.4851,28
44,51.4851,26
44,51.4851,27
44,51.4851,29
44,51.4851,26
44,51.4851,27
44,51.4851,26
44,51.4851,27
44,51.4851,27
44,51.4851,26
44,51.4851,27
44,51.4851,27
44,51.4851,27
44,51.4851,26
44,51.4851,26
44,51.4851,28
44,51.4851,28
44,51.4851,27
44,51.4851,25
44,51.4851,28
44,51.4851,28
44,51.4851,28
44,51.4851,28
44,51.4851,26
44,51.4851,27
44,51.4851,28
44,51.4851,28
44,51.4851,27
44,51.5873,29
44,51.5873,26
44,51.5873,28
44,51.5873,27
44,51.5873,27
44,51.5873,26
44,51.5873,27
44,51.5873,27
44,51.5873,27
44,51.5873,29
44,51.5873,28
44,51.5873,30
44,51.5873,27
44,51.5873,27
44,51.5873,27
44,51.5873,29
44,51.5873,28
44,51.5873,30
44,51.5873,27
44,51.5873,28
44,51.5873,26
44,51.5873,26
44,51.5873,28
44,51.5873,29
44,51.5873,27
44,51.5873,26
44,51.5873,27
44,51.5873,28
44,51.5873,28
44,51.5873,29
44,51.5873,27
44,51.5873,26
44,51.5873,27
44,51.5873,30
44,51.5873,26
44,51.5873,28
44,51.5873,28
44,51.5873,29
44,51.5873,27
44,51.5873,27
44,51.5873,27
44,51.5873,28
44,51.5873,28
44,51.5873,28
44,51.5873,27
44,51.5873,26
44,51.5873,27
44,51.5873,29
44,51.5873,27
44,51.5873,36
44,51.5873,28
44,51.5873,28
44,50.5952,29
44,50.5952,28
44,50.5952,27
44,50.5952,27
44,50.5952,29
44,50.5952,28
44,50.5952,26
44,50.5952,28
44,50.5952,27
44,50.5952,29
44,50.5952,31
44,50.5952,29
44,50.5952,26
44,50.5952,28
44,50.5952,28
44,50.5952,27
44,50.5952,27
44,50.5952,28
44,50.5952,28
44,50.5952,28
44,50.5952,27
44,50.5952,28
44,50.5952,26
44,50.5952,26
44,50.5952,27
44,49.4071,26
44,49.4071,29
44,49.4071,27
44,49.4071,27
44,49.4071,27
44,49.4071,29
44,49.4071,27
44,49.4071,27
44,49.4071,26
44,49.4071,28
44,49.4071,28
44,49.4071,27
44,49.4071,28
44,49.4071,26
44,49.4071,28
44,49.4071,26
44,49.4071,28
44,49.4071,28
44,49.4071,27
44,49.4071,28
44,49.4071,26
44,49.4071,26
44,49.4071,25
44,49.4071,27
44,49.4071,28
44,49.4071,27
44,51.2821,27
44,51.2821,26
44,51.2821,28
44,51.2821,29
44,51.2821,29
44,51.2821,27
44,51.2821,29
44,51.2821,28
44,51.2821,27
44,51.2821,27
44,51.2821,39
44,51.2821,28
44,51.2821,26
44,51.2821,28
44,51.2821,26
44,51.2821,28
44,51.2821,29
44,51.2821,26
44,51.2821,28
44,51.2821,28
44,51.2821,26
44,51.2821,27
44,51.2821,27
44,51.2821,26
44,51.2821,28
44,51.2821,29
44,50.9804,26
44,50.9804,26
44,50.9804,28
44,50.9804,27
44,50.9804,28
44,50.9804,28
44,50.9804,26
44,50.9804,27
44,50.9804,26
44,50.9804,28
44,50.9804,28
44,50.9804,31
44,50.9804,28
44,50.9804,25
44,50.9804,28
44,50.9804,28
44,50.9804,27
44,50.9804,28
44,50.9804,26
44,50.9804,26
44,50.9804,27
44,50.9804,27
44,50.9804,27
44,50.9804,26
44,50.9804,26
44,50.9804,27
44,51.5362,27
44,51.5362,29
44,51.5362,26
44,51.5362,28
44,51.5362,28
44,51.5362,28
44,51.5362,27
44,51.5362,26
44,51.5362,26
44,51.5362,28
44,51.5362,28
44,51.5362,27
44,51.5362,28
44,51.5362,28
44,51.5362,28
44,51.5362,28
44,51.5362,29
44,51.5362,27
44,51.5362,27
44,51.5362,28
44,51.5362,27
44,51.5362,26
44,51.5362,28
44,51.5362,28
44,51.5362,27
44,51.5362,27
44,51.4342,27
44,51.4342,28
44,51.4342,34
44,51.4342,27
44,51.4342,28
44,51.4342,27
44,51.4342,27
44,51.4342,28
44,51.4342,27
44,51.4342,31
44,51.4342,27
44,51.4342,25
44,51.4342,27
44,51.4342,27
44,51.4342,25
44,51.4342,27
44,51.4342,26
66,51.4342,30
66,51.4342,29
66,51.4342,40
66,51.4342,30
66,51.4342,31
66,44.7316,29
66,44.7316,31
66,44.7316,29
66,44.7316,28
66,44.7316,29
66,44.7316,30
66,44.7316,28
66,44.7316,30
66,44.7316,30
66,44.7316,29
66,44.7316,31
66,44.7316,41
66,44.7316,29
66,44.7316,30
66,44.7316,36
66,44.7316,29
66,44.7316,28
66,44.7316,74
66,34.0467,32
66,34.0467,28
66,34.0467,29
66,34.0467,29
66,34.0467,29
66,34.0467,29
66,34.0467,31
66,34.0467,28
66,34.0467,31
66,34.0467,29
66,34.0467,29
66,34.0467,29
66,34.0467,31
66,34.0467,30
66,34.0467,29
66,34.0467,31
66,34.0467,30
66,34.0467,30
66,34.0467,30
66,34.0467,31
66,34.0467,29
66,34.0467,33
66,34.0467,30
66,34.0467,29
66,34.0467,32
66,34.0467,28
66,34.0467,28
66,34.0467,29
66,34.0467,28
66,34.0467,29
66,34.0467,31
66,34.0467,28
66,34.0467,32
66,34.0467,29
66,34.0467,28
66,34.1131,30
66,34.1131,29
66,34.1131,29
66,34.1131,30
66,34.1131,29
66,34.1131,28
66,34.1131,30
66,34.1131,29
66,34.1131,29
66,34.1131,31
66,34.1131,28
66,34.1131,30
66,34.1131,29
66,34.1131,31
66,34.1131,30
66,34.1131,29
66,34.1131,29
66,33.966,29
66,33.966,29
66,33.966,30
66,33.966,36
66,33.966,37
66,33.966,29
66,33.966,28
66,33.966,28
66,33.966,29
66,33.966,28
66,33.966,30
66,33.966,28
66,33.966,29
66,33.966,29
66,33.966,29
66,33.966,29
66,32.7706,29
66,32.7706,29
66,32.7706,30
66,32.7706,30
66,32.7706,29
66,32.7706,29
66,32.7706,31
66,32.7706,28
66,32.7706,30
66,32.7706,29
66,32.7706,29
66,32.7706,30
66,32.7706,30
66,32.7706,30
66,32.7706,28
66,32.7706,28
66,32.7706,30
66,32.7706,27
66,34.0136,28
66,34.0136,31
66,34.0136,28
66,34.0136,29
66,34.0136,29
66,34.0136,29
66,34.0136,29
66,34.0136,28
66,34.0136,28
66,34.0136,30
66,34.0136,30
66,34.0136,31
66,34.0136,28
66,34.0136,30
66,34.0136,29
66,34.0136,30
66,34.0136,29
66,34.1131,30
66,34.1131,28
66,34.1131,35
66,34.1131,29
66,34.1131,29
66,34.1131,30
66,34.1131,29
66,34.1131,28
66,34.1131,29
66,34.1131,29
66,34.1131,32
66,34.1131,30
66,34.1131,29
66,34.1131,30
66,34.1131,29
66,34.1131,30
66,34.1131,28
66,34.1131,28
66,34.2131,29
66,34.2131,43
66,34.2131,29
66,34.2131,29
66,34.2131,29
66,34.2131,29
66,34.2131,29
66,34.2131,29
66,34.2131,30
66,34.2131,30
66,34.2131,30
66,34.2131,30
66,34.2131,29
66,34.2131,29
66,34.2131,29
66,34.2131,28
66,34.2131,29
66,34.1797,29
66,34.1797,29
66,34.1797,34
66,34.1797,31
66,34.1797,30
66,34.1797,29
66,34.1797,28
66,34.1797,30
66,34.1797,30
66,34.1797,30
66,34.1797,28
66,34.1797,27
66,34.1797,31
66,34.1797,29
66,34.1797,31
66,34.1797,29
66,34.1797,48
66,34.1797,30
66,34.2466,29
66,34.2466,28
66,34.2466,29
66,34.2466,28
66,34.2466,29
66,34.2466,30
66,34.2466,42
66,34.2466,27
66,34.2466,31
66,34.2466,29
66,34.2466,29
66,34.2466,29
66,34.2466,29
66,34.2466,29
66,34.2466,32
66,34.2466,29
66,34.2466,28
66,34.2801,29
66,34.2801,28
66,34.2801,29
66,34.2801,30
66,34.2801,28
66,34.2801,33
66,34.2801,30
66,34.2801,29
66,34.2801,28
66,34.2801,28
66,34.2801,27
66,34.2801,41
66,34.2801,29
66,34.2801,28
66,34.2801,28
66,34.2801,31
66,34.2801,29
66,34.2801,29
66,34.1463,28
66,34.1463,31
66,34.1463,29
66,34.1463,28
66,34.1463,29
66,34.1463,29
66,34.1463,27
66,34.1463,30
66,34.1463,28
66,34.1463,28
66,34.1463,30
66,34.1463,29
66,34.1463,29
66,34.1463,31
66,34.1463,29
66,34.1463,30
66,34.1463,29
66,34.2466,31
66,34.2466,30
66,34.2466,33
66,34.2466,29
66,34.2466,29
66,34.2466,30
66,34.2466,27
66,34.2466,30
66,34.2466,28
66,34.2466,30
66,34.2466,30
66,34.2466,28
66,34.2466,29
66,34.2466,32
66,34.2466,28
66,34.2466,29
66,34.2466,31
66,33.366,30
66,33.366,29
66,33.366,29
66,33.366,29
66,33.366,29
66,33.366,30
66,33.366,28
66,33.366,30
66,33.366,29
66,33.366,29
66,33.366,30
66,33.366,35
66,33.366,28
66,33.366,30
66,33.366,30
66,33.366,30
66,33.366,31
66,33.6967,30
66,33.6967,31
66,33.6967,30
66,33.6967,28
66,33.6967,31
66,33.6967,29
66,33.6967,29
66,33.6967,31
66,33.6967,28
66,33.6967,30
66,33.6967,28
66,33.6967,28
66,33.6967,30
66,33.6967,31
66,33.6967,29
66,33.6967,30
66,33.6967,29
66,33.6967,30
66,34.0136,29
66,34.0136,29
66,34.0136,30
66,34.0136,31
66,34.0136,30
66,34.0136,32
66,34.0136,30
66,34.0136,29
66,34.0136,30
66,34.0136,52
66,34.0136,29
66,34.0136,29
66,34.0136,28
66,34.0136,34
66,34.0136,30
66,34.0136,30
66,34.0136,31
66,34.2801,29
66,34.2801,31
66,34.2801,31
66,34.2801,30
66,34.2801,32
66,34.2801,29
66,34.2801,30
66,34.2801,30
66,34.2801,31
66,34.2801,31
66,34.2801,28
66,34.2801,30
66,34.2801,28
66,34.2801,30
66,34.2801,42
66,34.2801,29
66,34.2801,31
66,33.6967,31
66,33.6967,44
66,33.6967,29
66,33.6967,31
66,33.6967,29
66,33.6967,30
66,33.6967,34
66,33.6967,31
66,33.6967,30
66,33.6967,30
66,33.6967,29
66,33.6967,29
66,33.6967,29
66,33.6967,31
66,33.6967,43
66,33.6967,30
66,33.6967,31
66,33.6967,29
66,34.1131,30
66,34.1131,29
66,34.1131,29
66,34.1131,30
66,34.1131,32
66,34.1131,29
66,34.1131,30
66,34.1131,29
66,34.1131,30
66,34.1131,29
66,34.1131,29
66,34.1131,29
66,34.1131,29
66,34.1131,29
66,34.1131,30
66,34.1131,30
66,34.1131,28
66,34.0467,28
66,34.0467,27
66,34.0467,30
66,34.0467,28
66,34.0467,29
66,34.0467,30
66,34.0467,29
66,34.0467,30
66,34.0467,30
66,34.0467,28
66,34.0467,30
66,34.0467,30
66,34.0467,30
66,34.0467,30
66,34.0467,28
66,34.0467,28
66,34.0467,28
66,34.0467,29
66,34.0467,28
66,34.0467,30
66,34.0467,29
66,34.0467,28
66,34.0467,29
66,34.0467,29
66,34.0467,29
66,34.0467,29
66,34.0467,29
66,34.0467,29
66,34.0467,29
66,34.0467,28
66,34.0467,29
66,34.0467,29
66,34.0467,29
66,34.0467,29
66,34.0467,30
66,34.0136,30
66,34.0136,29
66,34.0136,40
66,34.0136,28
66,34.0136,29
66,34.0136,29
66,34.0136,28
66,34.0136,28
66,34.0136,28
66,34.0136,28
66,34.0136,29
66,34.0136,28
66,34.0136,30
88,34.0136,32
88,34.0136,31
88,34.0136,29
88,30.8285,31
88,30.8285,30
88,30.8285,31
88,30.8285,31
88,30.8285,29
88,30.8285,30
88,30.8285,34
88,30.8285,30
88,30.8285,29
88,30.8285,31
88,30.8285,31
88,30.8285,30
88,30.8285,31
88,25.7171,30
88,25.7171,31
88,25.7171,30
88,25.7171,30
88,25.7171,30
88,25.7171,31
88,25.7171,29
88,25.7171,31
88,25.7171,30
88,25.7171,31
88,25.7171,31
88,25.7171,33
88,25.7171,36
88,25.7171,30
88,26.4447,31
88,26.4447,30
88,26.4447,28
88,26.4447,31
88,26.4447,30
88,26.4447,32
88,26.4447,30
88,26.4447,31
88,26.4447,29
88,26.4447,33
88,26.4447,30
88,26.4447,32
88,26.4447,31
88,26.6272,30
88,26.6272,36
88,26.6272,30
88,26.6272,32
88,26.6272,30
88,26.6272,31
88,26.6272,30
88,26.6272,30
88,26.6272,31
88,26.6272,31
88,26.6272,31
88,26.6272,31
88,26.6272,28
88,26.6272,30
88,26.5748,30
88,26.5748,28
88,26.5748,30
88,26.5748,31
88,26.5748,30
88,26.5748,30
88,26.5748,29
88,26.5748,29
88,26.5748,31
88,26.5748,31
88,26.5748,29
88,26.5748,29
88,26.5748,38
88,26.5226,30
88,26.5226,29
88,26.5226,30
88,26.5226,30
88,26.5226,30
88,26.5226,31
88,26.5226,29
88,26.5226,32
88,26.5226,32
88,26.5226,32
88,26.5226,37
88,26.5226,31
88,26.5226,30
88,26.5226,31
88,26.6272,30
88,26.6272,31
88,26.6272,31
88,26.6272,31
88,26.6272,30
88,26.6272,31
88,26.6272,30
88,26.6272,30
88,26.6272,31
88,26.6272,31
88,26.6272,29
88,26.6272,32
88,26.6272,29
88,26.601,29
88,26.601,31
88,26.601,30
88,26.601,30
88,26.601,31
88,26.601,29
88,26.601,35
88,26.601,31
88,26.601,31
88,26.601,29
88,26.601,32
88,26.601,28
88,26.601,32
88,26.601,31
88,26.601,29
88,26.601,29
88,26.601,30
88,26.601,31
88,26.601,31
88,26.601,31
88,26.601,30
88,26.601,31
88,26.601,31
88,26.601,30
88,26.601,31
88,26.601,30
88,26.601,30
88,26.6798,30
88,26.6798,32
88,26.6798,29
88,26.6798,30
88,26.6798,31
88,26.6798,30
88,26.6798,29
88,26.6798,31
88,26.6798,29
88,26.6798,30
88,26.6798,30
88,26.6798,31
88,26.6798,30
88,26.6798,31
88,26.6535,30
88,26.6535,33
88,26.6535,30
88,26.6535,30
88,26.6535,31
88,26.6535,32
88,26.6535,33
88,26.6535,31
88,26.6535,38
88,26.6535,36
88,26.6535,30
88,26.6535,30
88,26.6535,31
88,25.4652,30
88,25.4652,46
88,25.4652,30
88,25.4652,31
88,25.4652,28
88,25.4652,30
88,25.4652,31
88,25.4652,29
88,25.4652,30
88,25.4652,33
88,25.4652,28
88,25.4652,30
88,25.4652,29
88,26.5487,28
88,26.5487,30
88,26.5487,31
88,26.5487,29
88,26.5487,32
88,26.5487,32
88,26.5487,30
88,26.5487,31
88,26.5487,30
88,26.5487,30
88,26.5487,30
88,26.5487,30
88,26.5487,29
88,26.5487,32
88,26.7062,30
88,26.7062,29
88,26.7062,30
88,26.7062,29
88,26.7062,29
88,26.7062,30
88,26.7062,29
88,26.7062,32
88,26.7062,30
88,26.7062,31
88,26.7062,30
88,26.7062,29
88,26.7062,31
88,26.6535,29
88,26.6535,30
88,26.6535,29
88,26.6535,31
88,26.6535,31
88,26.6535,30
88,26.6535,31
88,26.6535,30
88,26.6535,31
88,26.6535,30
88,26.6535,29
88,26.6535,42
88,26.6535,31
88,26.6535,29
88,26.6535,30
88,26.6535,31
88,26.6535,30
88,26.6535,31
88,26.6535,31
88,26.6535,31
88,26.6535,31
88,26.6535,32
88,26.6535,33
88,26.6535,31
88,26.6535,31
88,26.6535,31
88,26.6535,32
88,26.5748,40
88,26.5748,34
88,26.5748,33
88,26.5748,32
88,26.5748,31
88,26.5748,31
88,26.5748,32
88,26.5748,33
88,26.5748,34
88,26.5748,47
88,26.5748,30
88,26.5748,31
88,26.5748,31
88,26.5748,32
88,26.6272,30
88,26.6272,32
88,26.6272,30
88,26.6272,53
88,26.6272,30
88,26.6272,30
88,26.6272,33
88,26.6272,32
88,26.6272,33
88,26.6272,30
88,26.6272,30
88,26.6272,33
88,26.6272,32
88,26.7327,34
88,26.7327,33
88,26.7327,32
88,26.7327,31
88,26.7327,31
88,26.7327,30
88,26.7327,32
88,26.7327,30
88,26.7327,30
88,26.7327,32
88,26.7327,34
88,26.7327,31
88,26.7327,31
88,26.7327,32
88,26.6272,33
88,26.6272,31
88,26.6272,30
88,26.6272,31
88,26.6272,32
88,26.6272,31
88,26.6272,32
88,26.6272,31
88,26.6272,30
88,26.6272,32
88,26.6272,30
88,26.6272,32
88,26.6272,30
88,26.6535,30
88,26.6535,31
88,26.6535,30
88,26.6535,32
88,26.6535,30
88,26.6535,31
88,26.6535,31
88,26.6535,41
88,26.6535,30
88,26.6535,30
88,26.6535,29
88,26.6535,29
88,26.6535,30
88,25.6663,31
88,25.6663,30
88,25.6663,31
88,25.6663,29
88,25.6663,31
88,25.6663,29
88,25.6663,31
88,25.6663,29
88,25.6663,32
88,25.6663,30
88,25.6663,33
88,25.6663,28
88,25.6663,31
88,25.6663,30
88,26.6798,30
88,26.6798,31
88,26.6798,30
88,26.6798,31
88,26.6798,31
88,26.6798,31
88,26.6798,31
88,26.6798,30
88,26.6798,31
88,26.6798,30
88,26.6798,30
88,26.6798,30
88,26.6798,30
88,26.7062,29
88,26.7062,33
88,26.7062,33
88,26.7062,47
88,26.7062,29
88,26.7062,31
88,26.7062,31
88,26.7062,33
88,26.7062,31
88,26.7062,30
88,26.7062,31
88,26.7062,30
88,26.7062,31
88,26.7062,32
88,26.4447,30
88,26.4447,32
88,26.4447,30
88,26.4447,30
88,26.4447,30
88,26.4447,31
88,26.4447,29
88,26.4447,31
88,26.4447,32
88,26.4447,31
88,26.4447,30
88,26.4447,31
88,26.4447,30
88,26.6535,32
88,26.6535,31
88,26.6535,29
88,26.6535,32
88,26.6535,32
88,26.6535,30
88,26.6535,30
88,26.6535,29
88,26.6535,31
88,26.6535,30
88,26.6535,31
88,26.6535,30
88,26.6535,31
88,26.6535,29
88,26.5748,31
88,26.5748,29
88,26.5748,30
88,26.5748,30
88,26.5748,32
88,26.5748,30
88,26.5748,31
88,26.5748,32
88,26.5748,31
88,26.5748,30
88,26.5748,31
88,26.5748,31
88,26.5748,32
88,26.7062,31
88,26.7062,31
88,26.7062,30
88,26.7062,31
88,26.7062,30
88,26.7062,29
88,26.7062,32
88,26.7062,30
88,26.7062,50
88,26.7062,31
88,26.7062,29
88,26.7062,30
88,26.7062,30
88,26.7062,30
88,26.7327,33
88,26.7327,31
88,26.7327,30
88,26.7327,31
88,26.7327,31
88,26.7327,31
88,26.7327,31
88,26.7327,31
88,26.7327,31
88,26.7327,29
88,26.7327,32
88,26.7327,30
88,26.7327,30
88,26.5487,31
88,26.5487,30
88,26.5487,29
88,26.5487,29
88,26.5487,33
88,26.5487,30
88,26.5487,30
110,26.5487,31
110,26.5487,30
110,26.5487,32
110,26.5487,31
110,26.5487,31
110,23.1214,31
110,23.1214,32
110,23.1214,35
110,23.1214,42
110,23.1214,32
110,23.1214,42
110,23.1214,32
110,23.1214,32
110,23.1214,32
110,23.1214,32
110,23.1214,33
110,20.4479,33
110,20.4479,33
110,20.4479,32
110,20.4479,32
110,20.4479,31
110,20.4479,37
110,20.4479,32
110,20.4479,31
110,20.4479,31
110,20.4479,31
110,20.4479,41
110,21.215,33
110,21.215,31
110,21.215,31
110,21.215,31
110,21.215,31
110,21.215,32
110,21.215,32
110,21.215,40
110,21.215,32
110,21.215,32
110,21.215,32
110,21.4008,31
110,21.4008,33
110,21.4008,32
110,21.4008,33
110,21.4008,31
110,21.4008,33
110,21.4008,31
110,21.4008,33
110,21.4008,32
110,21.4008,33
110,21.4008,31
110,21.3385,32
110,21.3385,32
110,21.3385,32
110,21.3385,32
110,21.3385,31
110,21.3385,31
110,21.3385,33
110,21.3385,32
110,21.3385,33
110,21.3385,32
110,21.3385,31
110,21.3385,34
110,21.3385,31
110,21.3385,32
110,21.3385,32
110,21.3385,32
110,21.3385,32
110,21.3385,57
110,21.3385,33
110,21.3385,31
110,21.3385,33
110,21.3385,31
110,21.1335,33
110,21.1335,31
110,21.1335,33
110,21.1335,32
110,21.1335,32
110,21.1335,31
110,21.1335,31
110,21.1335,33
110,21.1335,32
110,21.1335,32
110,21.1335,32
110,21.2766,34
110,21.2766,32
110,21.2766,32
110,21.2766,31
110,21.2766,33
110,21.2766,32
110,21.2766,31
110,21.2766,31
110,21.2766,30
110,21.2766,31
110,21.2766,32
110,21.3178,33
110,21.3178,34
110,21.3178,30
110,21.3178,30
110,21.3178,32
110,21.3178,31
110,21.3178,33
110,21.3178,32
110,21.3178,32
110,21.3178,32
110,21.3178,39
110,21.3385,32
110,21.3385,32
110,21.3385,31
110,21.3385,31
110,21.3385,30
110,21.3385,31
110,21.3385,32
110,21.3385,31
110,21.3385,33
110,21.3385,32
110,20.979,34
110,20.979,41
110,20.979,32
110,20.979,36
110,20.979,31
110,20.979,29
110,20.979,32
110,20.979,31
110,20.979,31
110,20.979,33
110,20.979,30
110,20.7101,34
110,20.7101,33
110,20.7101,31
110,20.7101,32
110,20.7101,32
110,20.7101,30
110,20.7101,32
110,20.7101,31
110,20.7101,31
110,20.7101,34
110,20.7101,33
110,21.2355,32
110,21.2355,33
110,21.2355,30
110,21.2355,30
110,21.2355,31
110,21.2355,32
110,21.2355,31
110,21.2355,33
110,21.2355,31
110,21.2355,30
110,21.2355,34
110,21.3592,31
110,21.3592,31
110,21.3592,30
110,21.3592,31
110,21.3592,31
110,21.3592,33
110,21.3592,32
110,21.3592,30
110,21.3592,41
110,21.3592,33
110,21.3592,31
110,21.3178,30
110,21.3178,32
110,21.3178,32
110,21.3178,30
110,21.3178,32
110,21.3178,41
110,21.3178,31
110,21.3178,30
110,21.3178,33
110,21.3178,31
110,21.3178,40
110,21.3385,30
110,21.3385,31
110,21.3385,31
110,21.3385,32
110,21.3385,32
110,21.3385,32
110,21.3385,34
110,21.3385,34
110,21.3385,31
110,21.3385,33
110,21.3385,31
110,21.3178,31
110,21.3178,33
110,21.3178,32
110,21.3178,33
110,21.3178,32
110,21.3178,30
110,21.3178,34
110,21.3178,32
110,21.3178,31
110,21.3178,34
110,21.3178,32
110,21.3592,31
110,21.3592,33
110,21.3592,33
110,21.3592,33
110,21.3592,32
110,21.3592,32
110,21.3592,34
110,21.3592,31
110,21.3592,30
110,21.3592,32
110,21.3592,32
110,21.3592,32
110,21.3592,32
110,21.3592,30
110,21.3592,31
110,21.3592,32
110,21.3592,30
110,21.3592,33
110,21.3592,31
110,21.3592,33
110,21.3592,32
110,21.3592,31
110,21.3385,31
110,21.3385,31
110,21.3385,35
110,21.3385,32
110,21.3385,34
110,21.3385,34
110,21.3385,33
110,21.3385,31
110,21.3385,40
110,21.3385,32
110,20.428,34
110,20.428,33
110,20.428,34
110,20.428,31
110,20.428,33
110,20.428,32
110,20.428,33
110,20.428,32
110,20.428,31
110,20.428,33
110,20.428,33
110,21.1742,33
110,21.1742,33
110,21.1742,31
110,21.1742,31
110,21.1742,31
110,21.1742,33
110,21.1742,30
110,21.1742,31
110,21.1742,33
110,21.1742,31
110,21.1742,31
110,21.1132,34
110,21.1132,33
110,21.1132,33
110,21.1132,32
110,21.1132,31
110,21.1132,31
110,21.1132,32
110,21.1132,32
110,21.1132,32
110,21.1132,32
110,21.1132,32
110,21.215,32
110,21.215,32
110,21.215,34
110,21.215,30
110,21.215,32
110,21.215,32
110,21.215,30
110,21.215,34
110,21.215,31
110,21.215,33
110,21.215,35
110,21.2972,33
110,21.2972,32
110,21.2972,32
110,21.2972,32
110,21.2972,34
110,21.2972,30
110,21.2972,31
110,21.2972,31
110,21.2972,45
110,21.2972,31
110,21.2972,31
110,21.2972,31
110,21.2972,39
110,21.2972,32
110,21.2972,30
110,21.2972,31
110,21.2972,30
110,21.2972,51
110,21.2972,30
110,21.2972,31
110,21.2972,34
110,21.2972,31
110,21.1946,33
110,21.1946,32
110,21.1946,33
110,21.1946,38
110,21.1946,32
110,21.1946,31
110,21.1946,30
110,21.1946,31
110,21.1946,32
110,21.1946,32
110,21.1946,30
110,21.2972,32
110,21.2972,33
110,21.2972,33
110,21.2972,32
110,21.2972,32
110,21.2972,31
110,21.2972,31
110,21.2972,31
110,21.2972,33
110,21.2972,33
110,21.2972,32
110,21.2766,32
110,21.2766,30
110,21.2766,30
110,21.2766,30
110,21.2766,32
110,21.2766,33
110,21.2766,38
110,21.2766,33
110,21.2766,31
110,21.2766,31
110,21.2766,32
110,21.3385,31
110,21.3385,32
110,21.3385,32
110,21.3385,33
110,21.3385,33
110,21.3385,33
110,21.3385,33
110,21.3385,35
110,21.3385,33
110,21.3385,31
110,21.3385,31
110,20.4082,32
110,20.4082,31
110,20.4082,32
110,20.4082,33
110,20.4082,30
110,20.4082,31
110,20.4082,32
110,20.4082,30
110,20.4082,40
110,20.4082,32
110,20.4082,31
110,21.1538,49
110,21.1538,31
110,21.1538,32
110,21.1538,30
110,21.1538,32
110,21.1538,30
110,21.1538,32
110,21.1538,32
110,21.1538,33
110,21.1538,33
110,21.1538,32
110,21.2766,31
110,21.2766,31
110,21.2766,32
110,21.2766,30
110,21.2766,33
110,21.2766,31
110,21.2766,39
110,21.2766,32
110,21.2766,32
110,21.2766,32
110,21.2766,33
110,21.2355,31
110,21.2355,34
110,21.2355,30
110,21.2355,32
110,21.2355,33
110,21.2355,31
110,21.2355,31
110,21.2355,33
110,21.2355,32
110,21.2355,32
110,21.2355,33
110,21.1742,31
110,21.1742,33
110,21.1742,31
110,21.1742,32
110,21.1742,31
110,21.1742,31
110,21.1742,33
110,21.1742,33
110,21.1742,30
110,21.1742,32
110,21.1742,32
110,21.1946,35
110,21.1946,40
110,21.1946,32
110,21.1946,40
110,21.1946,33
110,21.1946,40
110,21.1946,30
110,21.1946,33
110,21.1946,33
110,21.1946,32
110,19.4932,33
110,19.4932,32
132,19.4932,37
132,19.4932,34
132,19.4932,42
132,19.4932,33
132,19.4932,33
132,19.4932,33
132,19.4932,33
132,18.1644,31
132,18.1644,45
132,18.1644,33
132,18.1644,32
132,18.1644,33
132,18.1644,33
132,18.1644,46
132,18.1644,35
132,18.1644,32
132,17.982,35
132,17.982,45
132,17.982,32
132,17.982,33
132,17.982,35
132,17.982,33
132,17.982,34
132,17.982,33
132,17.982,32
132,17.425,33
132,17.425,46
132,17.425,33
132,17.425,33
132,17.425,33
132,17.425,31
132,17.425,45
132,17.425,34
132,17.425,33
132,17.425,33
132,18.0266,33
132,18.0266,32
132,18.0266,32
132,18.0266,33
132,18.0266,34
132,18.0266,36
132,18.0266,34
132,18.0266,31
132,18.0266,33
132,18.1125,33
132,18.1125,33
132,18.1125,35
132,18.1125,32
132,18.1125,31
132,18.1125,55
132,18.1125,31
132,18.1125,34
132,18.1125,33
132,17.9283,32
132,17.9283,34
132,17.9283,33
132,17.9283,33
132,17.9283,32
132,17.9283,34
132,17.9283,32
132,17.9283,32
132,17.9283,33
132,17.9283,37
132,18.078,34
132,18.078,33
132,18.078,32
132,18.078,32
132,18.078,32
132,18.078,51
132,18.078,32
132,18.078,33
132,18.078,44
132,18.0952,32
132,18.0952,32
132,18.0952,33
132,18.0952,33
132,18.0952,35
132,18.0952,31
132,18.0952,33
132,18.0952,33
132,18.0952,45
132,17.982,34
132,17.982,33
132,17.982,32
132,17.982,33
132,17.982,34
132,17.982,33
132,17.982,33
132,17.982,34
132,17.982,32
132,17.982,32
132,18.078,36
132,18.078,33
132,18.078,33
132,18.078,34
132,18.078,33
132,18.078,32
132,18.078,32
132,18.078,32
132,18.078,31
132,18.1298,32
132,18.1298,33
132,18.1298,31
132,18.1298,34
132,18.1298,34
132,18.1298,32
132,18.1298,32
132,18.1298,35
132,18.1298,34
132,18.1298,32
132,18.1471,32
132,18.1471,32
132,18.1471,35
132,18.1471,38
132,18.1471,34
132,18.1471,35
132,18.1471,34
132,18.1471,42
132,18.1471,33
132,17.341,33
132,17.341,54
132,17.341,33
132,17.341,34
132,17.341,33
132,17.341,33
132,17.341,32
132,17.341,31
132,17.341,34
132,18.0437,35
132,18.0437,32
132,18.0437,34
132,18.0437,32
132,18.0437,33
132,18.0437,34
132,18.0437,33
132,18.0437,33
132,18.0437,33
132,18.0437,34
132,18.0266,43
132,18.0266,33
132,18.0266,33
132,18.0266,32
132,18.0266,31
132,18.0266,33
132,18.0266,34
132,18.0266,32
132,18.0266,33
132,17.9641,31
132,17.9641,33
132,17.9641,33
132,17.9641,33
132,17.9641,33
132,17.9641,32
132,17.9641,33
132,17.9641,34
132,17.9641,32
132,18.0608,35
132,18.0608,32
132,18.0608,32
132,18.0608,36
132,18.0608,31
132,18.0608,34
132,18.0608,34
132,18.0608,32
132,18.0608,36
132,18.0608,36
132,18.1298,32
132,18.1298,32
132,18.1298,31
132,18.1298,34
132,18.1298,36
132,18.1298,34
132,18.1298,32
132,18.1298,33
132,18.1298,33
132,18.1125,34
132,18.1125,34
132,18.1125,31
132,18.1125,34
132,18.1125,35
132,18.1125,34
132,18.1125,33
132,18.1125,33
132,18.1125,34
132,18.1125,34
132,18.1644,32
132,18.1644,33
132,18.1644,34
132,18.1644,34
132,18.1644,32
132,18.1644,31
132,18.1644,34
132,18.1644,35
132,18.1644,31
132,18.0608,33
132,18.0608,33
132,18.0608,33
132,18.0608,34
132,18.0608,35
132,18.0608,34
132,18.0608,33
132,18.0608,34
132,18.0608,36
132,17.982,32
132,17.982,33
132,17.982,34
132,17.982,34
132,17.982,35
132,17.982,32
132,17.982,33
132,17.982,33
132,17.982,32
132,17.2745,33
132,17.2745,43
132,17.2745,34
132,17.2745,33
132,17.2745,33
132,17.2745,32
132,17.2745,33
132,17.2745,34
132,17.2745,33
132,17.2745,33
132,18.1125,32
132,18.1125,34
132,18.1125,33
132,18.1125,33
132,18.1125,33
132,18.1125,34
132,18.1125,33
132,18.1125,33
132,18.1125,33
132,18.1471,32
132,18.1471,33
132,18.1471,33
132,18.1471,34
132,18.1471,33
132,18.1471,32
132,18.1471,34
132,18.1471,34
132,18.1471,33
132,18.1471,33
132,18.1644,33
132,18.1644,33
132,18.1644,31
132,18.1644,33
132,18.1644,33
132,18.1644,35
132,18.1644,34
132,18.1644,32
132,18.1644,33
132,18.1471,33
132,18.1471,34
132,18.1471,46
132,18.1471,33
132,18.1471,31
132,18.1471,41
132,18.1471,33
132,18.1471,32
132,18.1471,32
132,18.1471,32
132,18.1125,32
132,18.1125,31
132,18.1125,36
132,18.1125,33
132,18.1125,33
132,18.1125,34
132,18.1125,33
132,18.1125,33
132,18.1125,34
132,18.1125,32
132,18.1125,33
132,18.1125,34
132,18.1125,33
132,18.1125,34
132,18.1125,32
132,18.1125,33
132,18.1125,34
132,18.1125,43
132,18.1125,31
132,18.078,31
132,18.078,32
132,18.078,34
132,18.078,40
132,18.078,34
132,18.078,32
132,18.078,33
132,18.078,32
132,18.078,33
132,18.0608,34
132,18.0608,32
132,18.0608,34
132,18.0608,33
132,18.0608,32
132,18.0608,33
132,18.0608,34
132,18.0608,33
132,18.0608,35
132,17.4757,31
132,17.4757,32
132,17.4757,34
132,17.4757,33
132,17.4757,31
132,17.4757,34
132,17.4757,34
132,17.4757,33
132,17.4757,33
132,17.9283,35
132,17.9283,33
132,17.9283,34
132,17.9283,33
132,17.9283,33
132,17.9283,34
132,17.9283,35
132,17.9283,33
132,17.9283,32
132,17.9283,32
132,18.0608,33
132,18.0608,34
132,18.0608,33
132,18.0608,33
132,18.0608,32
132,18.0608,33
132,18.0608,33
132,18.0608,34
132,18.0608,35
132,18.1992,31
132,18.1992,35
132,18.1992,33
132,18.1992,33
132,18.1992,34
132,18.1992,33
132,18.1992,33
132,18.1992,32
132,18.1992,33
132,18.1992,33
132,18.0952,32
132,18.0952,32
132,18.0952,33
132,18.0952,34
132,18.0952,33
132,18.0952,34
132,18.0952,34
132,18.0952,32
132,18.0952,34
132,18.1992,36
132,18.1992,37
132,18.1992,34
132,18.1992,34
132,18.1992,31
132,18.1992,34
132,18.1992,35
132,18.1992,34
132,18.1992,35
132,18.1992,33
132,18.1298,37
132,18.1298,31
132,18.1298,32
132,18.1298,33
132,18.1298,33
132,18.1298,33
132,18.1298,33
132,18.1298,33
132,18.1298,39
132,18.1298,34
132,18.1298,32
132,18.1298,33
132,18.1298,32
132,18.1298,33
132,18.1298,33
132,18.1298,32
132,18.1298,35
132,18.1298,33
132,18.1298,33
132,18.1818,32
132,18.1818,33
132,18.1818,35
132,18.1818,34
132,18.1818,33
132,18.1818,32
132,18.1818,31
132,18.1818,33
132,18.1818,32
132,18.1298,32
132,18.1298,33
132,18.1298,34
132,18.1298,36
132,18.1298,33
132,18.1298,31
132,18.1298,32
132,18.1298,35
132,18.1298,33
132,17.341,35
132,17.341,32
132,17.341,35
132,17.341,34
132,17.341,33
132,17.341,32
132,17.341,33
132,17.341,36
132,17.341,35
154,17.341,34
154,17.3358,45
154,17.3358,35
154,17.3358,33
154,17.3358,34
154,17.3358,32
154,17.3358,33
154,17.3358,35
154,17.3358,33
154,15.534,36
154,15.534,37
154,15.534,35
154,15.534,36
154,15.534,34
154,15.534,35
154,15.534,35
154,15.534,34
154,15.3404,34
154,15.3404,33
154,15.3404,34
154,15.3404,35
154,15.3404,34
154,15.3404,33
154,15.3404,36
154,15.3404,43
154,15.4889,33
154,15.4889,36
154,15.4889,40
154,15.4889,35
154,15.4889,33
154,15.4889,33
154,15.4889,34
154,15.4889,36
154,15.5189,34
154,15.5189,34
154,15.5189,35
154,15.5189,39
154,15.5189,36
154,15.5189,54
154,15.5189,34
154,15.5189,33
154,15.5039,34
154,15.5039,33
154,15.5039,33
154,15.5039,48
154,15.5039,33
154,15.5039,47
154,15.5039,34
154,15.5039,33
154,15.5039,35
154,15.5039,35
154,15.5039,34
154,15.5039,55
154,15.5039,33
154,15.5039,35
154,15.5039,32
154,15.5039,33
154,15.444,35
154,15.444,34
154,15.444,34
154,15.444,33
154,15.444,34
154,15.444,33
154,15.444,33
154,15.444,36
154,15.3404,32
154,15.3404,34
154,15.3404,32
154,15.3404,48
154,15.3404,33
154,15.3404,34
154,15.3404,34
154,15.3404,68
154,15.0376,34
154,15.0376,33
154,15.0376,33
154,15.0376,34
154,15.0376,36
154,15.0376,36
154,15.0376,34
154,15.0376,35
154,15.4291,34
154,15.4291,34
154,15.4291,34
154,15.4291,34
154,15.4291,32
154,15.4291,42
154,15.4291,33
154,15.4291,36
154,15.5039,35
154,15.5039,37
154,15.5039,35
154,15.5039,35
154,15.5039,33
154,15.5039,33
154,15.5039,34
154,15.5039,33
154,15.5039,33
154,15.5039,33
154,15.5039,34
154,15.5039,53
154,15.5039,34
154,15.5039,35
154,15.5039,37
154,15.5039,33
154,15.0517,33
154,15.0517,32
154,15.0517,34
154,15.0517,35
154,15.0517,36
154,15.0517,33
154,15.0517,34
154,15.0517,36
154,15.3551,34
154,15.3551,35
154,15.3551,34
154,15.3551,34
154,15.3551,36
154,15.3551,34
154,15.3551,33
154,15.3551,34
154,15.4589,36
154,15.4589,37
154,15.4589,35
154,15.4589,34
154,15.4589,34
154,15.4589,35
154,15.4589,32
154,15.4589,32
154,15.4143,35
154,15.4143,38
154,15.4143,34
154,15.4143,34
154,15.4143,36
154,15.4143,33
154,15.4143,34
154,15.4143,34
154,15.5189,33
154,15.5189,33
154,15.5189,34
154,15.5189,35
154,15.5189,33
154,15.5189,35
154,15.5189,32
154,14.8957,35
154,14.8957,34
154,14.8957,35
154,14.8957,33
154,14.8957,35
154,14.8957,34
154,14.8957,36
154,14.8957,34
154,15.4889,34
154,15.4889,32
154,15.4889,42
154,15.4889,33
154,15.4889,34
154,15.4889,34
154,15.4889,33
154,15.4889,60
154,15.3846,50
154,15.3846,34
154,15.3846,32
154,15.3846,34
154,15.3846,36
154,15.3846,36
154,15.3846,34
154,15.3846,33
154,15.3846,33
154,15.3846,38
154,15.3846,43
154,15.3846,33
154,15.3846,34
154,15.3846,33
154,15.3846,33
154,15.3846,37
154,15.4889,34
154,15.4889,35
154,15.4889,37
154,15.4889,34
154,15.4889,33
154,15.4889,35
154,15.4889,35
154,15.4889,33
154,15.4889,32
154,15.4889,34
154,15.4889,37
154,15.4889,35
154,15.4889,31
154,15.4889,36
154,15.4889,51
154,15.4889,32
154,15.4739,32
154,15.4739,34
154,15.4739,33
154,15.4739,31
154,15.4739,34
154,15.4739,32
154,15.4739,33
154,15.4739,34
154,15.5039,33
154,15.5039,35
154,15.5039,36
154,15.5039,34
154,15.5039,33
154,15.5039,32
154,15.5039,36
154,15.5039,34
154,15.4739,34
154,15.4739,49
154,15.4739,34
154,15.4739,35
154,15.4739,34
154,15.4739,36
154,15.4739,34
154,15.4739,32
154,15.5039,35
154,15.5039,52
154,15.5039,33
154,15.5039,34
154,15.5039,34
154,15.5039,33
154,15.5039,33
154,15.5039,34
154,14.9105,33
154,14.9105,39
154,14.9105,33
154,14.9105,35
154,14.9105,34
154,14.9105,33
154,14.9105,37
154,14.9105,34
154,15.5039,34
154,15.5039,33
154,15.5039,37
154,15.5039,35
154,15.5039,34
154,15.5039,34
154,15.5039,46
154,15.5039,34
154,15.4889,36
154,15.4889,35
154,15.4889,33
154,15.4889,36
154,15.4889,44
154,15.4889,33
154,15.4889,49
154,15.4889,34
154,15.3404,34
154,15.3404,33
154,15.3404,34
154,15.3404,35
154,15.3404,35
154,15.3404,34
154,15.3404,32
154,15.3404,33
154,15.5189,34
154,15.5189,34
154,15.5189,33
154,15.5189,32
154,15.5189,34
154,15.5189,34
154,15.5189,35
154,15.5189,37
154,15.2964,32
154,15.2964,36
154,15.2964,54
154,15.2964,35
154,15.2964,35
154,15.2964,33
154,15.2964,33
154,15.2964,35
154,15.4589,39
154,15.4589,36
154,15.4589,33
154,15.4589,34
154,15.4589,35
154,15.4589,35
154,15.4589,38
154,15.4589,32
154,15.5189,34
154,15.5189,34
154,15.5189,34
154,15.5189,32
154,15.5189,36
154,15.5189,33
154,15.5189,34
154,15.5189,35
154,15.5039,34
154,15.5039,35
154,15.5039,52
154,15.5039,33
154,15.5039,33
154,15.5039,34
154,15.5039,35
154,15.5039,34
154,15.2818,33
154,15.2818,34
154,15.2818,35
154,15.2818,33
154,15.2818,37
154,15.2818,35
154,15.2818,33
154,15.2818,37
154,15.1229,34
154,15.1229,33
154,15.1229,33
154,15.1229,38
154,15.1229,34
154,15.1229,32
154,15.1229,39
154,15.1229,35
154,15.4589,34
154,15.4589,36
154,15.4589,35
154,15.4589,33
154,15.4589,33
154,15.4589,34
154,15.4589,31
154,15.4589,39
154,15.4739,35
154,15.4739,33
154,15.4739,35
154,15.4739,34
154,15.4739,34
154,15.4739,33
154,15.4739,35
154,15.4739,34
154,15.4889,36
154,15.4889,34
154,15.4889,34
154,15.4889,34
154,15.4889,33
154,15.4889,33
154,15.4889,34
154,15.4889,36
154,15.4889,34
154,15.4889,43
154,15.4889,36
154,15.4889,35
154,15.4889,35
154,15.4889,33
154,15.4889,34
154,15.4889,33
154,15.4739,36
154,15.4739,34
154,15.4739,34
154,15.4739,42
154,15.4739,34
154,15.4739,33
154,15.4739,36
154,15.4739,34
154,15.5039,34
154,15.5039,34
154,15.5039,33
154,15.5039,33
154,15.5039,36
154,15.5039,43
154,15.5039,34
154,15.5039,33
154,15.5039,33
154,15.5039,33
154,15.5039,33
154,15.5039,36
154,15.5039,34
154,15.5039,39
154,15.5039,37
154,15.5039,34
154,15.5189,49
154,15.5189,35
154,15.5189,34
154,15.5189,34
154,15.5189,39
154,15.5189,36
154,15.5189,33
154,14.8075,35
154,14.8075,33
154,14.8075,34
154,14.8075,34
154,14.8075,41
154,14.8075,33
154,14.8075,35
154,14.8075,33
154,15.4589,33
154,15.4589,34
154,15.4589,35
154,15.4589,35
154,15.4589,36
154,15.4589,34
154,15.4589,34
154,15.4589,32
154,15.4889,32
154,15.4889,34
154,15.4889,34
154,15.4889,40
154,15.4889,34
154,15.4889,33
154,15.4889,37
154,15.4889,33
154,15.534,35
176,15.534,39
176,15.534,34
176,15.534,34
176,15.534,34
176,15.534,36
176,15.534,39
176,12.3928,35
176,12.3928,34
176,12.3928,37
176,12.3928,35
176,12.3928,36
176,12.3928,33
176,12.3928,37
176,13.4615,35
176,13.4615,36
176,13.4615,35
176,13.4615,37
176,13.4615,34
176,13.4615,35
176,13.4615,48
176,13.5135,36
176,13.5135,35
176,13.5135,35
176,13.5135,33
176,13.5135,34
176,13.5135,36
176,13.5135,35
176,13.4486,34
176,13.4486,33
176,13.4486,34
176,13.4486,33
176,13.4486,37
176,13.4486,34
176,13.4486,36
176,13.4615,35
176,13.4615,35
176,13.4615,35
176,13.4615,34
176,13.4615,45
176,13.4615,34
176,13.4615,36
176,13.4486,37
176,13.4486,34
176,13.4486,35
176,13.4486,34
176,13.4486,35
176,13.4486,34
176,12.8586,34
176,12.8586,35
176,12.8586,35
176,12.8586,36
176,12.8586,35
176,12.8586,34
176,12.8586,34
176,13.4486,35
176,13.4486,34
176,13.4486,34
176,13.4486,35
176,13.4486,33
176,13.4486,34
176,13.4486,35
176,13.5005,36
176,13.5005,38
176,13.5005,41
176,13.5005,36
176,13.5005,34
176,13.5005,34
176,13.5005,35
176,13.2701,35
176,13.2701,36
176,13.2701,34
176,13.2701,36
176,13.2701,36
176,13.2701,35
176,13.2701,35
176,13.4745,33
176,13.4745,40
176,13.4745,35
176,13.4745,35
176,13.4745,33
176,13.4745,36
176,13.4745,38
176,13.4615,37
176,13.4615,34
176,13.4615,36
176,13.4615,34
176,13.4615,34
176,13.4615,35
176,13.4615,32
176,13.4486,34
176,13.4486,36
176,13.4486,36
176,13.4486,35
176,13.4486,34
176,13.4486,35
176,13.4486,37
176,13.4357,33
176,13.4357,35
176,13.4357,35
176,13.4357,35
176,13.4357,34
176,13.4357,33
176,13.4357,35
176,13.4875,36
176,13.4875,34
176,13.4875,32
176,13.4875,36
176,13.4875,38
176,13.4875,35
176,13.4875,34
176,13.1579,35
176,13.1579,37
176,13.1579,36
176,13.1579,36
176,13.1579,36
176,13.1579,34
176,13.1579,34
176,13.2701,36
176,13.2701,33
176,13.2701,34
176,13.2701,35
176,13.2701,33
176,13.2701,35
176,13.2701,34
176,13.41,34
176,13.41,36
176,13.41,34
176,13.41,35
176,13.41,34
176,13.41,34
176,13.41,35
176,13.4875,36
176,13.4875,33
176,13.4875,55
176,13.4875,38
176,13.4875,36
176,13.4875,34
176,13.4875,36
176,13.0719,34
176,13.0719,35
176,13.0719,35
176,13.0719,35
176,13.0719,36
176,13.0719,34
176,13.0719,34
176,13.308,35
176,13.308,35
176,13.308,34
176,13.308,47
176,13.308,35
176,13.308,35
176,13.308,34
176,13.3333,43
176,13.3333,33
176,13.3333,38
176,13.3333,35
176,13.3333,36
176,13.3333,34
176,13.3333,42
176,13.2325,34
176,13.2325,35
176,13.2325,35
176,13.2325,35
176,13.2325,34
176,13.2325,35
176,13.2325,37
176,13.4745,38
176,13.4745,35
176,13.4745,35
176,13.4745,35
176,13.4745,36
176,13.4745,34
176,13.4745,36
176,13.4615,35
176,13.4615,35
176,13.4615,34
176,13.4615,36
176,13.4615,46
176,13.4615,34
176,13.4615,34
176,12.8586,35
176,12.8586,38
176,12.8586,35
176,12.8586,35
176,12.8586,45
176,12.8586,35
176,12.8586,35
176,13.3971,33
176,13.3971,36
176,13.3971,34
176,13.3971,35
176,13.3971,34
176,13.3971,34
176,13.3971,34
176,13.4228,35
176,13.4228,34
176,13.4228,35
176,13.4228,74
176,13.4228,35
176,13.4228,34
176,13.4228,35
176,13.4357,34
176,13.4357,35
176,13.4357,34
176,13.4357,36
176,13.4357,33
176,13.4357,37
176,13.4357,34
176,13.4615,34
176,13.4615,34
176,13.4615,35
176,13.4615,36
176,13.4615,34
176,13.4615,36
176,13.4615,35
176,13.4615,34
176,13.4615,36
176,13.4615,35
176,13.4615,42
176,13.4615,34
176,13.4615,34
176,13.4615,34
176,13.5005,35
176,13.5005,34
176,13.5005,34
176,13.5005,37
176,13.5005,35
176,13.5005,37
176,13.5005,35
176,13.4615,40
176,13.4615,38
176,13.4615,36
176,13.4615,36
176,13.4615,33
176,13.4615,35
176,13.4615,34
176,13.5005,37
176,13.5005,36
176,13.5005,36
176,13.5005,37
176,13.5005,34
176,13.5005,37
176,13.5005,35
176,13.3971,34
176,13.3971,75
176,13.3971,33
176,13.3971,33
176,13.3971,35
176,13.3971,34
176,12.8205,34
176,12.8205,40
176,12.8205,37
176,12.8205,34
176,12.8205,34
176,12.8205,37
176,12.8205,36
176,13.4228,35
176,13.4228,34
176,13.4228,36
176,13.4228,35
176,13.4228,36
176,13.4228,33
176,13.4228,34
176,13.4615,36
176,13.4615,35
176,13.4615,34
176,13.4615,34
176,13.4615,34
176,13.4615,35
176,13.4615,36
176,13.3715,35
176,13.3715,35
176,13.3715,35
176,13.3715,36
176,13.3715,34
176,13.3715,37
176,13.3715,34
176,13.4745,34
176,13.4745,38
176,13.4745,36
176,13.4745,38
176,13.4745,34
176,13.4745,35
176,13.4745,34
176,13.4615,35
176,13.4615,34
176,13.4615,35
176,13.4615,34
176,13.4615,35
176,13.4615,35
176,13.4615,37
176,13.4875,35
176,13.4875,35
176,13.4875,35
176,13.4875,35
176,13.4875,36
176,13.4875,34
176,13.4875,36
176,13.4875,35
176,13.4875,37
176,13.4875,35
176,13.4875,36
176,13.4875,38
176,13.4875,35
176,13.4875,33
176,13.4228,35
176,13.4228,35
176,13.4228,34
176,13.4228,34
176,13.4228,35
176,13.4228,48
176,13.4228,36
176,12.9741,33
176,12.9741,35
176,12.9741,36
176,12.9741,50
176,12.9741,36
176,12.9741,35
176,12.9741,37
176,13.4228,34
176,13.4228,35
176,13.4228,35
176,13.4228,49
176,13.4228,35
176,13.4228,36
176,13.4228,34
176,13.3333,37
176,13.3333,34
176,13.3333,34
176,13.3333,34
176,13.3333,36
176,13.3333,34
176,13.3333,34
176,13.346,35
176,13.346,36
176,13.346,35
176,13.346,34
176,13.346,35
176,13.346,35
176,13.346,35
176,13.3971,36
176,13.3971,35
176,13.3971,35
176,13.3971,35
176,13.3971,34
176,13.3971,35
176,13.3971,34
176,13.3843,34
176,13.3843,37
176,13.3843,34
176,13.3843,36
176,13.3843,34
176,13.3843,36
176,13.3843,36
176,13.3843,38
176,13.3843,37
176,13.3843,46
176,13.3843,35
176,13.3843,36
176,13.3843,34
176,13.3843,36
176,13.4486,33
176,13.4486,36
176,13.4486,33
176,13.4486,34
176,13.4486,36
176,13.4486,36
176,13.4486,35
176,13.4875,35
176,13.4875,35
176,13.4875,36
176,13.4875,35
176,13.4875,36
176,13.4875,34
176,13.4875,35
176,13.3588,35
176,13.3588,35
176,13.3588,36
176,13.3588,35
176,13.3588,36
176,13.3588,35
176,12.7827,36
176,12.7827,34
176,12.7827,37
176,12.7827,35
176,12.7827,36
176,12.7827,34
176,12.7827,36
176,13.4228,37
176,13.4228,34
176,13.4228,35
176,13.4228,36
176,13.4228,36
176,13.4228,34
176,13.4228,36
176,13.4615,35
176,13.4615,35
176,13.4615,35
176,13.4615,33
176,13.4615,36
176,13.4615,33
176,13.4615,38
176,13.4875,34
176,13.4875,35
176,13.4875,33
176,13.4875,35
176,13.4875,36
176,13.4875,37
176,13.4875,36
176,13.4486,35
176,13.4486,35
176,13.4486,34
176,13.4486,36
176,13.4486,33
176,13.4486,34
176,13.4486,35
176,13.4357,47
176,13.4357,33
176,13.4357,34
176,13.4357,35
176,13.4357,34
176,13.4357,35
176,13.4357,37
176,13.3843,38
176,13.3843,38
176,13.3843,34
176,13.3843,35
176,13.3843,35
176,13.3843,35
176,13.3843,35
176,13.4615,35
176,13.4615,34
176,13.4615,36
176,13.4615,35
176,13.4615,39
176,13.4615,36
176,13.4615,34
176,13.4875,33
176,13.4875,35
176,13.4875,35
176,13.4875,34
176,13.4875,34
176,13.4875,35
176,13.4875,36
176,13.0475,45
176,13.0475,36
176,13.0475,34
176,13.0475,37
176,13.0475,36
176,13.0475,37
176,13.0475,33
176,13.245,37
176,13.245,35
176,13.245,36
176,13.245,35
176,13.245,35
176,13.245,36
176,13.245,36
176,13.3971,37
176,13.3971,36
176,13.3971,34
176,13.3971,35
176,13.3971,36
176,13.3971,35
176,13.3971,37
176,13.346,36
176,13.346,36
176,13.346,35
176,13.346,35
176,13.346,36
176,13.346,34
176,13.346,36
176,13.3715,34
176,13.3715,37
176,13.3715,35
176,13.3715,39
176,13.3715,43
176,13.3715,33
176,13.3715,33
176,13.4745,37
176,13.4745,36
176,13.4745,35
176,13.4745,34
176,13.4745,36
176,13.4745,34
176,13.4745,34
176,13.4486,34
176,13.4486,35
176,13.4486,37
176,13.4486,36
176,13.4486,35
176,13.4486,36
176,13.4486,35
176,13.41,34
176,13.41,38
176,13.41,37
176,13.41,36
176,13.41,35
176,13.41,36
176,13.41,37
176,13.4615,36
176,13.4615,35
176,13.4615,37
176,13.4615,45
176,13.4615,39
176,13.4615,36
176,13.4615,37
176,13.4615,38
176,13.4615,86
176,13.4615,48
176,13.4615,61
176,7.19424,34
176,7.19424,36
176,7.19424,41
176,7.19424,92
176,7.19424,47
176,9.49668,33
176,9.49668,36
176,9.49668,43
176,9.49668,48
176,9.49668,35
176,9.49668,37
176,9.49668,37
176,13.308,37
176,13.308,37
176,13.308,38
176,13.308,38
176,13.308,37
176,13.308,36
176,13.308,36
176,13.3588,38
176,13.3588,38
176,13.3588,35
176,13.3588,38
176,13.3588,37
176,13.3588,35
176,13.3588,36
176,13.3971,36
176,13.3971,37
176,13.3971,38
176,13.3971,35
176,13.3971,35
176,13.3971,37
176,13.3971,38
176,13.41,37
176,13.41,36
176,13.41,34
176,13.41,41
176,13.41,35
176,13.41,36
176,13.41,34
176,13.3715,37
176,13.3715,38
176,13.3715,36
176,13.3715,36
176,13.3715,36
176,13.3715,36
176,13.3715,36
176,13.4875,37
176,13.4875,36
176,13.4875,39
176,13.4875,36
176,13.4875,37
176,13.4875,38
176,13.4875,37
176,13.4486,35
176,13.4486,38
176,13.4486,36
176,13.4486,36
176,13.4486,36
176,13.4486,36
176,13.4486,40
176,13.2701,47
176,13.2701,35
176,13.2701,36
176,13.2701,38
176,13.2701,34
176,13.2701,36
176,13.2701,42
176,13.1086,42
176,13.1086,37
176,13.1086,38
176,13.1086,35
176,13.1086,37
176,13.1086,36
176,13.1086,35
176,13.41,35
176,13.41,37
176,13.41,36
176,13.41,38
176,13.41,39
176,13.41,37
176,13.41,35
176,13.4875,37
176,13.4875,38
176,13.4875,35
176,13.4875,37
176,13.4875,39
176,13.4875,38
176,13.4875,36
176,13.4745,37
176,13.4745,37
176,13.4745,38
176,13.4745,37
176,13.4745,34
176,13.4745,35
176,13.4745,34
176,13.4875,36
176,13.4875,35
176,13.4875,37
176,13.4875,37
176,13.4875,37
176,13.4875,34
176,13.4875,38
176,13.4486,38
176,13.4486,35
176,13.4486,35
176,13.4486,39
176,13.4486,36
176,13.4486,37
176,13.4486,36
176,13.4486,36
176,13.4486,36
176,13.4486,37
176,13.4486,45
176,13.4486,37
176,13.4486,39
176,13.4486,37
176,13.4875,37
176,13.4875,36
176,13.4875,38
176,13.4875,36
176,13.4875,37
176,13.4875,38
176,13.4875,44
176,13.4875,38
176,13.4875,36
176,13.4875,36
176,13.4875,36
176,13.4875,35
176,13.4875,37
176,13.4875,37
176,12.884,36
176,12.884,35
176,12.884,37
176,12.884,36
176,12.884,35
176,12.884,35
176,12.884,36
176,13.4486,35
176,13.4486,40
176,13.4486,37
176,13.4486,37
176,13.4486,37
176,13.4486,40
176,13.4486,38
176,13.4745,36
176,13.4745,37
176,13.4745,35
176,13.4745,36
176,13.4745,33
176,13.4745,34
176,13.4745,40
176,13.2827,36
176,13.2827,39
176,13.2827,37
176,13.2827,37
176,13.2827,34
176,13.2827,37
176,13.2827,45
176,13.3843,35
176,13.3843,37
176,13.3843,34
176,13.3843,36
176,13.3843,45
176,13.3843,37
176,13.3843,37
176,13.4615,37
176,13.4615,39
176,13.4615,34
176,13.4615,37
176,13.4615,35
176,13.4615,36
176,13.4615,37
176,13.4615,36
176,13.4615,36
176,13.4615,35
176,13.4615,38
176,13.4615,37
176,13.4615,36
176,13.4615,36
176,13.4745,37
176,13.4745,38
176,13.4745,36
176,13.4745,36
176,13.4745,38
176,13.4745,37
176,13.4745,37
176,13.3971,39
176,13.3971,36
176,13.3971,37
176,13.3971,37
176,13.3971,34
176,13.3971,37
176,13.3971,36
176,13.4486,34
176,13.4486,35
176,13.4486,80
176,13.4486,37
176,13.4486,34
176,13.4486,35
176,12.7326,39
176,12.7326,37
176,12.7326,45
176,12.7326,37
176,12.7326,36
176,12.7326,37
176,12.7326,38
176,13.4486,37
176,13.4486,37
176,13.4486,39
176,13.4486,34
176,13.4486,37
176,13.4486,37
176,13.4486,35
176,13.4615,37
176,13.4615,35
176,13.4615,36
176,13.4615,35
176,13.4615,36
176,13.4615,35
176,13.4615,37
176,13.5005,35
176,13.5005,34
176,13.5005,35
176,13.5005,35
176,13.5005,34
176,13.5005,36
176,13.5005,37
176,13.4745,34
176,13.4745,37
176,13.4745,36
176,13.4745,37
176,13.4745,37
176,13.4745,36
176,13.4745,43
176,13.4357,37
176,13.4357,37
176,13.4357,37
176,13.4357,37
176,13.4357,34
176,13.4357,35
176,13.4357,35
176,13.4745,36
176,13.4745,36
176,13.4745,35
176,13.4745,37
176,13.4745,38
176,13.4745,34
176,13.4745,36
176,13.4228,37
176,13.4228,37
176,13.4228,35
176,13.4228,35
176,13.4228,35
176,13.4228,37
176,13.4228,36
176,13.4357,37
176,13.4357,37
176,13.4357,37
176,13.4357,35
176,13.4357,37
176,13.4357,36
176,13.4357,35
176,12.9271,38
176,12.9271,35
176,12.9271,38
176,12.9271,34
176,12.9271,36
176,12.9271,33
176,12.9271,36
176,13.3588,38
176,13.3588,38
176,13.3588,36
176,13.3588,35
176,13.3588,36
176,13.3588,37
176,13.3588,34
176,13.4486,36
176,13.4486,36
176,13.4486,35
176,13.4486,37
176,13.4486,36
176,13.4486,37
176,13.4486,37
176,13.4615,36
176,13.4615,36
176,13.4615,37
176,13.4615,37
176,13.4615,36
176,13.4615,36
176,13.4615,44
176,13.4745,35
176,13.4745,36
176,13.4745,38
176,13.4745,36
176,13.4745,38
176,13.4745,38
176,13.4745,36
176,13.5005,35
176,13.5005,36
176,13.5005,38
176,13.5005,45
176,13.5005,36
176,13.5005,35
176,13.5005,36
176,13.4875,38
176,13.4875,34
176,13.4875,36
176,13.4875,35
176,13.4875,35
176,13.4875,35
176,13.4875,35
176,13.5005,35
176,13.5005,36
176,13.5005,38
176,13.5005,34
176,13.5005,35
176,13.5005,36
176,13.5005,36
176,13.4745,37
176,13.4745,36
176,13.4745,35
176,13.4745,36
176,13.4745,38
176,13.4745,37
176,13.4745,38
176,13.4875,35
176,13.4875,38
176,13.4875,38
176,13.4875,36
176,13.4875,36
176,13.4875,37
176,13.4875,35
176,12.9611,35
176,12.9611,37
176,12.9611,36
176,12.9611,34
176,12.9611,37
176,12.9611,36
176,12.9611,36
176,13.4228,35
176,13.4228,36
176,13.4228,36
176,13.4228,35
176,13.4228,33
176,13.4228,35
176,13.4228,37
176,13.308,38
176,13.308,37
176,13.308,37
176,13.308,39
176,13.308,35
176,13.308,34
176,13.308,35
176,13.2701,43
176,13.2701,37
176,13.2701,35
176,13.2701,35
176,13.2701,36
176,13.2701,34
176,13.2701,35
176,13.3971,38
176,13.3971,39
176,13.3971,40
176,13.3971,38
176,13.3971,37
176,13.3971,38
176,13.3971,35
176,13.3971,37
176,13.3971,33
176,13.3971,36
176,13.3971,35
176,13.3971,36
176,13.3971,34
176,13.3971,35
176,13.4615,37
176,13.4615,38
176,13.4615,36
176,13.4615,34
176,13.4615,34
176,13.4615,57
176,13.4615,35
176,13.4875,34
176,13.4875,36
176,13.4875,34
176,13.4875,37
176,13.4875,35
176,13.4875,34
176,13.4875,35
176,13.4486,37
176,13.4486,36
176,13.4486,35
176,13.4486,38
176,13.4486,37
176,13.4486,37
176,13.4486,34
176,13.2701,46
176,13.2701,36
176,13.2701,36
176,13.2701,38
176,13.2701,37
176,13.2701,37
176,13.2701,36
176,13.1209,36
176,13.1209,37
176,13.1209,36
176,13.1209,36
176,13.1209,35
176,13.1209,33
176,13.1209,36
176,13.3971,37
176,13.3971,40
176,13.3971,39
176,13.3971,36
176,13.3971,35
176,13.3971,36
176,13.3971,35
176,13.4486,37
176,13.4486,37
176,13.4486,38
176,13.4486,38
176,13.4486,38
176,13.4486,47
176,13.4486,38
176,13.4228,33
176,13.4228,47
176,13.4228,33
176,13.4228,36
176,13.4228,38
176,13.4228,34
176,13.4228,44
176,13.4357,35
176,13.4357,35
176,13.4357,35
176,13.4357,36
176,13.4357,34
176,13.4357,36
176,13.4357,37
176,13.4875,34
176,13.4875,38
176,13.4875,39
176,13.4875,35
176,13.4875,38
176,13.4875,37
176,13.4875,38
176,13.5005,48
176,13.5005,35
176,13.5005,35
176,13.5005,38
176,13.5005,38
176,13.5005,35
176,13.5005,37
176,13.4745,37
176,13.4745,34
176,13.4745,35
176,13.4745,35
176,13.4745,33
176,13.4745,36
176,13.4745,36
176,13.4615,36
176,13.4615,38
176,13.4615,36
176,13.4615,35
176,13.4615,47
176,13.4615,36
176,12.8205,36
176,12.8205,35
176,12.8205,37
176,12.8205,36
176,12.8205,33
176,12.8205,36
176,12.8205,36
176,13.4357,36
176,13.4357,35
176,13.4357,38
176,13.4357,34
176,13.4357,34
176,13.4357,38
176,13.4357,33
176,13.4875,39
176,13.4875,35
176,13.4875,38
176,13.4875,36
176,13.4875,37
176,13.4875,36
176,13.4875,36
176,13.5135,36
176,13.5135,36
176,13.5135,33
176,13.5135,37
176,13.5135,35
176,13.5135,37
176,13.5135,35
176,13.5005,37
176,13.5005,40
176,13.5005,36
176,13.5005,34
176,13.5005,36
176,13.5005,38
176,13.5005,34
176,13.4486,36
176,13.4486,35
176,13.4486,35
176,13.4486,39
176,13.4486,37
176,13.4486,34
176,13.4486,35
176,13.4615,38
176,13.4615,37
176,13.4615,37
176,13.4615,35
176,13.4615,38
176,13.4615,38
176,13.4615,35
176,13.4875,36
176,13.4875,35
176,13.4875,39
176,13.4875,34
176,13.4875,35
176,13.4875,40
176,13.4875,38
176,13.5005,37
176,13.5005,35
176,13.5005,38
176,13.5005,35
176,13.5005,35
176,13.5005,40
176,13.5005,37
176,13.5005,35
176,13.5005,36
176,13.5005,47
176,13.5005,36
176,13.5005,38
176,13.5005,37
176,13.5005,35
176,12.9353,36
176,12.9353,35
176,12.9353,36
176,12.9353,36
176,12.9353,37
176,12.9353,36
176,12.9353,35
176,13.4486,39
176,13.4486,35
176,13.4486,37
176,13.4486,35
176,13.4486,37
176,13.4486,34
176,13.4486,35
176,13.4615,38
176,13.4615,36
176,13.4615,35
176,13.4615,36
176,13.4615,36
176,13.4615,35
176,13.4615,38
176,13.3206,36
176,13.3206,35
176,13.3206,35
176,13.3206,35
176,13.3206,36
176,13.3206,36
176,13.3206,36
176,13.4875,36
176,13.4875,35
176,13.4875,37
176,13.4875,36
176,13.4875,40
176,13.4875,36
176,13.4875,37
176,13.41,34
176,13.41,37
176,13.41,34
176,13.41,36
176,13.41,36
176,13.41,38
176,13.41,34
176,13.4615,36
176,13.4615,35
176,13.4615,38
176,13.4615,35
176,13.4615,38
176,13.4615,34
176,13.4615,38
176,13.41,36
176,13.41,36
176,13.41,41
176,13.41,48
176,13.41,37
176,13.41,39
176,13.41,36
176,13.4875,34
176,13.4875,37
176,13.4875,37
176,13.4875,36
176,13.4875,35
176,13.4875,35
176,13.4875,35
176,12.9032,36
176,12.9032,35
176,12.9032,35
176,12.9032,38
176,12.9032,37
176,12.9032,34
176,12.9032,36
176,13.41,38
176,13.41,36
176,13.41,37
176,13.41,35
176,13.41,37
176,13.41,39
176,13.41,39
176,13.4486,40
176,13.4486,38
176,13.4486,37
176,13.4486,36
176,13.4486,37
176,13.4486,37
176,13.4486,32
176,13.4486,38
176,13.4486,46
176,13.4486,38
176,13.4486,36
176,13.4486,36
176,13.4486,36
176,13.4486,36
176,13.4875,38
176,13.4875,36
176,13.4875,35
176,13.4875,35
176,13.4875,40
176,13.4875,36
176,13.4875,37
176,13.4615,38
176,13.4615,36
176,13.4615,36
176,13.4615,37
176,13.4615,36
176,13.4615,37
176,13.4615,36
176,13.4875,40
176,13.4875,37
176,13.4875,36
176,13.4875,36
176,13.4875,36
176,13.4875,33
176,13.4875,36
176,13.4745,34
176,13.4745,38
176,13.4745,36
176,13.4745,36
176,13.4745,36
176,13.4745,36
176,13.4745,37
176,13.5005,33
176,13.5005,37
176,13.5005,36
176,13.5005,34
176,13.5005,38
176,13.5005,38
176,13.5005,35
176,13.3588,35
176,13.3588,35
176,13.3588,35
176,13.3588,46
176,13.3588,36
176,13.3588,37
176,12.7827,41
176,12.7827,37
176,12.7827,34
176,12.7827,37
176,12.7827,35
176,12.7827,38
176,12.7827,38
176,13.3971,35
176,13.3971,38
176,13.3971,35
176,13.3971,35
176,13.3971,35
176,13.3971,39
176,13.3971,36
176,13.4615,36
176,13.4615,36
176,13.4615,35
176,13.4615,36
176,13.4615,37
176,13.4615,39
176,13.4615,37
176,13.4615,39
176,13.4615,34
176,13.4615,36
176,13.4615,38
176,13.4615,37
176,13.4615,44
176,13.4615,39
176,13.4357,37
176,13.4357,36
176,13.4357,37
176,13.4357,37
176,13.4357,35
176,13.4357,39
176,13.4357,39
176,13.4745,38
176,13.4745,35
176,13.4745,39
176,13.4745,37
176,13.4745,38
176,13.4745,36
176,13.4745,35
176,13.4486,38
176,13.4486,36
176,13.4486,36
176,13.4486,36
176,13.4486,37
176,13.4486,35
176,13.4486,36
176,13.4745,37
176,13.4745,37
176,13.4745,35
176,13.4745,38
176,13.4745,35
176,13.4745,37
176,13.4745,36
176,13.4357,35
176,13.4357,39
176,13.4357,38
176,13.4357,37
176,13.4357,37
176,13.4357,35
176,13.4357,35
176,13.4615,34
176,13.4615,78
176,13.4615,36
176,13.4615,40
176,13.4615,36
176,13.4615,36
176,13.4615,38
176,13.0354,36
176,13.0354,35
176,13.0354,36
176,13.0354,36
176,13.0354,36
176,13.0354,38
176,13.0354,35
176,13.4486,36
176,13.4486,35
176,13.4486,37
176,13.4486,38
176,13.4486,36
176,13.4486,37
176,13.4486,38
176,13.5005,35
176,13.5005,37
176,13.5005,34
176,13.5005,37
176,13.5005,36
176,13.5005,35
176,13.5005,37
176,13.3715,36
176,13.3715,36
176,13.3715,38
176,13.3715,38
176,13.3715,38
176,13.3715,35
176,13.3715,37
176,13.4357,36
176,13.4357,36
176,13.4357,36
176,13.4357,38
176,13.4357,37
176,13.4357,37
176,13.4357,36
176,13.4486,36
176,13.4486,35
176,13.4486,35
176,13.4486,37
176,13.4486,34
176,13.4486,36
176,13.4486,35
176,13.5135,35
176,13.5135,33
176,13.5135,38
176,13.5135,37
176,13.5135,36
176,13.5135,40
176,13.5135,37
176,13.4875,38
176,13.4875,33
176,13.4875,37
176,13.4875,38
176,13.4875,35
176,13.4875,37
176,13.4875,37
176,13.4228,35
176,13.4228,37
176,13.4228,36
176,13.4228,38
176,13.4228,34
176,13.4228,34
176,13.4228,39
176,12.7827,37
176,12.7827,35
176,12.7827,36
176,12.7827,35
176,12.7827,38
176,12.7827,36
176,12.7827,38
176,13.3971,35
176,13.3971,37
176,13.3971,34
176,13.3971,38
176,13.3971,37
176,13.3971,37
176,13.3971,35
176,13.4745,36
176,13.4745,36
176,13.4745,36
176,13.4745,36
176,13.4745,36
176,13.4745,38
176,13.4745,38
176,13.4615,37
176,13.4615,39
176,13.4615,35
176,13.4615,35
176,13.4615,37
176,13.4615,35
176,13.4615,36
176,13.4615,36
176,13.4615,36
176,13.4615,35
176,13.4615,35
176,13.4615,37
176,13.4615,35
176,13.4615,36
176,13.4615,35
176,13.4615,35
176,13.4615,36
176,13.4615,45
176,13.4615,34
176,13.4615,38
176,12.3223,47
176,12.3223,36
176,12.3223,34
176,12.3223,36
176,12.3223,37
176,12.3223,33
176,12.3223,39
176,13.308,34
176,13.308,35
176,13.308,39
176,13.308,38
176,13.308,35
176,13.308,37
176,13.308,38
176,13.4745,35
176,13.4745,38
176,13.4745,35
176,13.4745,37
176,13.4745,35
176,13.4745,36
176,13.4745,38
176,13.3843,39
176,13.3843,73
176,13.3843,42
176,13.3843,37
176,13.3843,35
176,13.3843,35
176,13.3843,36
176,12.8332,35
176,12.8332,38
176,12.8332,36
176,12.8332,35
176,12.8332,35
176,12.8332,38
176,12.8332,36
176,13.4228,35
176,13.4228,35
176,13.4228,36
176,13.4228,35
176,13.4228,33
176,13.4228,36
176,13.4228,34
176,13.346,37
176,13.346,37
176,13.346,35
176,13.346,35
176,13.346,34
176,13.346,35
176,13.346,36
176,13.1579,33
176,13.1579,36
176,13.1579,37
176,13.1579,37
176,13.1579,37
176,13.1579,36
176,13.1579,34
176,13.4486,34
176,13.4486,37
176,13.4486,34
176,13.4486,36
176,13.4486,35
176,13.4486,45
176,13.4486,35
176,13.3206,37
176,13.3206,37
176,13.3206,37
176,13.3206,39
176,13.3206,37
176,13.3206,36
176,13.3206,37
176,13.3971,40
176,13.3971,37
176,13.3971,34
176,13.3971,38
176,13.3971,39
176,13.3971,40
176,13.3971,36
176,13.4615,36
176,13.4615,37
176,13.4615,36
176,13.4615,34
176,13.4615,37
176,13.4615,35
176,13.4615,35
176,13.4745,38
176,13.4745,38
176,13.4745,38
176,13.4745,39
176,13.4745,39
176,13.4745,34
176,13.4745,37
176,12.987,37
176,12.987,35
176,12.987,34
176,12.987,35
176,12.987,37
176,12.987,36
176,12.987,37
176,13.4228,42
176,13.4228,37
176,13.4228,46
176,13.4228,39
176,13.4228,36
176,13.4228,35
176,13.4228,35
176,13.3971,38
176,13.3971,36
176,13.3971,34
176,13.3971,38
176,13.3971,36
176,13.3971,35
176,13.3971,38
176,13.3206,35
176,13.3206,36
176,13.3206,37
176,13.3206,37
176,13.3206,36
176,13.3206,81
176,13.3206,35
176,13.4357,37
176,13.4357,37
176,13.4357,37
176,13.4357,37
176,13.4357,39
176,13.4357,36
176,13.4357,37
176,13.4745,36
176,13.4745,38
176,13.4745,36
176,13.4745,35
176,13.4745,36
176,13.4745,35
176,13.4745,35
176,13.3715,47
176,13.3715,35
176,13.3715,37
176,13.3715,36
176,13.3715,37
176,13.3715,38
176,13.3715,35
176,13.41,34
176,13.41,36
176,13.41,35
176,13.41,35
176,13.41,35
176,13.41,37
176,13.41,35
176,13.4357,35
176,13.4357,35
176,13.4357,38
176,13.4357,37
176,13.4357,38
176,13.4357,46
176,13.4357,38
176,13.4615,36
176,13.4615,34
176,13.4615,34
176,13.4615,34
176,13.4615,36
176,13.4615,37
176,13.4615,38
176,13.0112,35
176,13.0112,35
176,13.0112,36
176,13.0112,36
176,13.0112,36
176,13.0112,34
176,13.0112,36
176,13.41,38
176,13.41,33
176,13.41,37
176,13.41,36
176,13.41,39
176,13.41,34
176,13.41,35
176,13.5005,37
176,13.5005,36
176,13.5005,38
176,13.5005,36
176,13.5005,37
176,13.5005,38
176,13.5005,36
176,13.4228,35
176,13.4228,36
176,13.4228,36
176,13.4228,36
176,13.4228,34
176,13.4228,36
176,13.4228,34
176,13.4486,36
176,13.4486,36
176,13.4486,35
176,13.4486,35
176,13.4486,37
176,13.4486,36
176,13.4486,37
176,13.4486,37
176,13.4486,37
176,13.4486,37
176,13.4486,34
176,13.4486,33
176,13.4486,35
176,13.4486,34
176,13.4486,38
176,13.4486,49
176,13.4486,36
176,13.4486,40
176,13.4486,36
176,13.4486,36
176,13.4486,34
176,13.4486,38
176,13.4486,36
176,13.4486,35
176,13.4486,36
176,13.4486,37
176,13.4486,35
176,13.4486,36
176,13.4357,37
176,13.4357,35
176,13.4357,40
176,13.4357,38
176,13.4357,38
176,13.4357,36
176,13.4357,39
176,13.22,35
176,13.22,37
176,13.22,36
176,13.22,40
176,13.22,37
176,13.22,35
176,13.22,34
176,13.1827,37
176,13.1827,37
176,13.1827,34
176,13.1827,38
176,13.1827,46
176,13.1827,35
176,13.1827,38
176,13.4357,34
176,13.4357,36
176,13.4357,37
176,13.4357,35
176,13.4357,34
176,13.4357,39
176,13.4357,37
176,13.4615,36
176,13.4615,36
176,13.4615,36
176,13.4615,36
176,13.4615,36
176,13.4615,34
176,13.4615,36
176,13.4875,35
176,13.4875,34
176,13.4875,37
176,13.4875,38
176,13.4875,39
176,13.4875,35
176,13.4875,36
176,13.4615,36
176,13.4615,38
176,13.4615,37
176,13.4615,34
176,13.4615,34
176,13.4615,40
176,13.4615,36
176,13.4875,36
176,13.4875,42
176,13.4875,35
176,13.4875,36
176,13.4875,36
176,13.4875,37
176,13.4875,37
176,13.4875,34
176,13.4875,37
176,13.4875,39
176,13.4875,38
176,13.4875,34
176,13.4875,36
176,13.4875,38
176,13.4615,37
176,13.4615,35
176,13.4615,36
176,13.4615,36
176,13.4615,35
176,13.4615,36
176,13.4615,38
176,13.4745,35
176,13.4745,35
176,13.4745,36
176,13.4745,35
176,13.4745,37
176,13.4745,37
176,12.8586,37
176,12.8586,36
176,12.8586,37
176,12.8586,44
176,12.8586,36
176,12.8586,35
176,12.8586,38
176,13.4615,39
176,13.4615,36
176,13.4615,36
176,13.4615,36
176,13.4615,36
176,13.4615,36
176,13.4615,39
176,13.5005,37
176,13.5005,34
176,13.5005,34
176,13.5005,36
176,13.5005,33
176,13.5005,36
176,13.5005,37
176,13.346,37
176,13.346,36
176,13.346,36
176,13.346,34
176,13.346,39
176,13.346,36
176,13.346,35
176,13.4745,35
176,13.4745,36
176,13.4745,34
176,13.4745,36
176,13.4745,36
176,13.4745,36
176,13.4745,34
176,13.4745,35
176,13.4745,36
176,13.4745,36
176,13.4745,36
176,13.4745,37
176,13.4745,37
176,13.4745,47
176,13.4875,35
176,13.4875,36
176,13.4875,34
176,13.4875,34
176,13.4875,34
176,13.4875,38
176,13.4875,48
176,13.5135,38
176,13.5135,36
176,13.5135,38
176,13.5135,40
176,13.5135,38
176,13.5135,37
176,13.5135,37
176,13.4486,38
176,13.4486,35
176,13.4486,36
176,13.4486,37
176,13.4486,38
176,13.4486,34
176,13.4486,36
176,13.5135,37
176,13.5135,35
176,13.5135,47
176,13.5135,37
176,13.5135,41
176,13.5135,48
176,13.5135,35
176,12.8586,38
176,12.8586,36
176,12.8586,35
176,12.8586,36
176,12.8586,35
176,12.8586,35
176,12.8586,36
176,13.4357,35
176,13.4357,34
176,13.4357,36
176,13.4357,36
176,13.4357,36
176,13.4357,35
176,13.4357,37
176,13.4745,37
176,13.4745,34
176,13.4745,34
176,13.4745,35
176,13.4745,34
176,13.4745,35
176,13.4745,34
176,13.4875,38
176,13.4875,35
176,13.4875,36
176,13.4875,35
176,13.4875,34
176,13.4875,39
176,13.4875,36
176,13.4875,36
176,13.4875,34
176,13.4875,35
176,13.4875,37
176,13.4875,36
176,13.4875,36
176,13.4875,37
176,13.5005,34
176,13.5005,34
176,13.5005,34
176,13.5005,36
176,13.5005,38
176,13.5005,49
176,12.7451,35
176,12.7451,37
176,12.7451,38
176,12.7451,34
176,12.7451,38
176,12.7451,34
176,12.7451,35
176,13.5135,37
176,13.5135,37
176,13.5135,36
176,13.5135,37
176,13.5135,36
176,13.5135,37
176,13.5135,38
176,13.4615,38
176,13.4615,35
176,13.4615,39
176,13.4615,36
176,13.4615,34
176,13.4615,36
176,13.4615,35
176,12.963,36
176,12.963,36
176,12.963,37
176,12.963,34
176,12.963,37
176,12.963,35
176,12.963,34
176,13.41,36
176,13.41,37
176,13.41,34
176,13.41,37
176,13.41,35
176,13.41,36
176,13.41,37
176,13.4615,36
176,13.4615,35
176,13.4615,37
176,13.4615,38
176,13.4615,37
176,13.4615,36
176,13.4615,37
176,13.5005,35
176,13.5005,36
176,13.5005,36
176,13.5005,34
176,13.5005,38
176,13.5005,38
176,13.5005,33
176,13.4745,38
176,13.4745,34
176,13.4745,33
176,13.4745,36
176,13.4745,36
176,13.4745,37
176,13.4745,37
176,13.4745,36
176,13.4745,35
176,13.4745,34
176,13.4745,36
176,13.4745,36
176,13.4745,39
176,13.4745,37
176,13.4615,36
176,13.4615,38
176,13.4615,38
176,13.4615,35
176,13.4615,38
176,13.4615,37
176,13.4615,36
176,13.4875,37
176,13.4875,34
176,13.4875,35
176,13.4875,37
176,13.4875,34
176,13.4875,39
176,13.4875,37
176,13.5005,32
176,13.5005,36
176,13.5005,38
176,13.5005,36
176,13.5005,36
176,13.5005,34
176,13.5005,36
176,13.4615,39
176,13.4615,34
176,13.4615,37
176,13.4615,35
176,13.4615,37
176,13.4615,34
176,13.4615,40
176,12.987,38
176,12.987,35
176,12.987,36
176,12.987,37
176,12.987,43
176,12.987,34
176,12.987,36
176,13.4357,37
176,13.4357,37
176,13.4357,34
176,13.4357,40
176,13.4357,35
176,13.4357,36
176,13.4357,36
176,13.5135,35
176,13.5135,38
176,13.5135,34
176,13.5135,37
176,13.5135,36
176,13.5135,37
176,13.5135,34
176,13.2827,39
176,13.2827,36
176,13.2827,35
176,13.2827,37
176,13.2827,35
176,13.2827,35
176,13.2827,35
176,13.3715,34
176,13.3715,34
176,13.3715,36
176,13.3715,35
176,13.3715,35
176,13.3715,34
176,13.3715,36
176,13.4486,34
176,13.4486,40
176,13.4486,38
176,13.4486,37
176,13.4486,37
176,13.4486,36
176,13.4486,37
176,13.4875,35
176,13.4875,35
176,13.4875,35
176,13.4875,35
176,13.4875,36
176,13.4875,34
176,13.4875,37
176,13.5135,36
176,13.5135,37
176,13.5135,35
176,13.5135,37
176,13.5135,36
176,13.5135,36
176,13.5135,35
176,13.4486,35
176,13.4486,35
176,13.4486,36
176,13.4486,35
176,13.4486,38
176,13.4486,35
176,13.4486,44
176,13.4875,40
176,13.4875,35
176,13.4875,36
176,13.4875,35
176,13.4875,35
176,13.4875,35
176,12.9611,38
176,12.9611,37
176,12.9611,35
176,12.9611,37
176,12.9611,37
176,12.9611,34
176,12.9611,34
176,13.4228,37
176,13.4228,36
176,13.4228,34
176,13.4228,36
176,13.4228,33
176,13.4228,37
176,13.4228,35
176,13.3206,34
176,13.3206,34
176,13.3206,36
176,13.3206,36
176,13.3206,37
176,13.3206,38
176,13.3206,34
176,13.4357,34
176,13.4357,38
176,13.4357,35
176,13.4357,35
176,13.4357,37
176,13.4357,35
176,13.4357,36
176,13.4745,37
176,13.4745,35
176,13.4745,37
176,13.4745,37
176,13.4745,34
176,13.4745,38
176,13.4745,37
176,13.4615,36
176,13.4615,35
176,13.4615,35
176,13.4615,36
176,13.4615,37
176,13.4615,36
176,13.4615,37
176,13.4228,35
176,13.4228,39
176,13.4228,34
176,13.4228,39
176,13.4228,35
176,13.4228,35
176,13.4228,38
176,13.4875,35
176,13.4875,39
176,13.4875,37
176,13.4875,34
176,13.4875,39
176,13.4875,37
176,13.4875,34
176,13.4745,36
176,13.4745,39
176,13.4745,37
176,13.4745,35
176,13.4745,36
176,13.4745,36
176,13.4745,34
176,12.8586,35
176,12.8586,36
176,12.8586,37
176,12.8586,37
176,12.8586,38
176,12.8586,35
176,12.8586,37
176,13.4486,36
176,13.4486,36
176,13.4486,37
176,13.4486,39
176,13.4486,35
176,13.4486,36
176,13.4486,36
176,13.4875,36
176,13.4875,38
176,13.4875,37
176,13.4875,34
176,13.4875,36
176,13.4875,36
176,13.4875,34
176,13.4875,37
176,13.4875,74
176,13.4875,35
176,13.4875,38
176,13.4875,37
176,13.4875,36
176,13.4875,36
176,13.4875,36
176,13.4875,37
176,13.4875,35
176,13.4875,36
176,13.4875,38
176,13.4875,37
176,13.4875,33
176,13.4875,34
176,13.4875,38
176,13.4875,36
176,13.4875,36
176,13.4875,36
176,13.4875,34
176,13.4875,36
176,13.4615,35
176,13.4615,36
176,13.4615,34
176,13.4615,36
176,13.4615,38
176,13.4615,35
176,13.4615,34
176,13.41,35
176,13.41,36
176,13.41,36
176,13.41,35
176,13.41,35
176,13.41,36
176,13.41,38
176,13.4615,38
176,13.4615,38
176,13.4615,34
176,13.4615,35
176,13.4615,36
176,13.4615,36
176,13.4615,47
176,13.4875,36
176,13.4875,37
176,13.4875,35
176,13.4875,32
176,13.4875,35
176,13.4875,33
176,13.4875,35
176,13.0475,35
176,13.0475,35
176,13.0475,36
176,13.0475,34
176,13.0475,35
176,13.0475,38
176,13.0475,36
176,13.3715,35
176,13.3715,36
176,13.3715,35
176,13.3715,38
176,13.3715,37
176,13.3715,35
176,13.3715,38
176,13.4745,36
176,13.4745,36
176,13.4745,36
176,13.4745,36
176,13.4745,37
176,13.4745,35
176,13.4745,36
176,13.2576,36
176,13.2576,36
176,13.2576,37
176,13.2576,36
176,13.2576,49
176,13.2576,36
176,13.2576,36
176,13.4615,34
176,13.4615,37
176,13.4615,37
176,13.4615,38
176,13.4615,36
176,13.4615,36
176,13.4615,35
176,13.4486,39
176,13.4486,36
176,13.4486,35
176,13.4486,38
176,13.4486,36
176,13.4486,37
176,13.4486,36
176,13.4228,38
176,13.4228,37
176,13.4228,38
176,13.4228,35
176,13.4228,39
176,13.4228,36
176,13.4228,36
176,13.4486,35
176,13.4486,36
176,13.4486,37
176,13.4486,37
176,13.4486,39
176,13.4486,36
176,13.4486,49
176,13.4745,37
176,13.4745,36
176,13.4745,35
176,13.4745,38
176,13.4745,34
176,13.4745,35
176,13.4745,36
176,13.1209,44
176,13.1209,36
176,13.1209,38
176,13.1209,36
176,13.1209,34
176,13.1209,34
176,13.1209,35
176,13.2075,37
176,13.2075,37
176,13.2075,34
176,13.2075,35
176,13.2075,37
176,13.2075,35
176,13.2075,38
176,13.41,35
176,13.41,39
176,13.41,37
176,13.41,39
176,13.41,36
176,13.41,39
176,13.41,33
176,13.3715,35
176,13.3715,37
176,13.3715,36
176,13.3715,37
176,13.3715,35
176,13.3715,37
176,13.3715,35
176,13.41,36
176,13.41,33
176,13.41,38
176,13.41,35
176,13.41,38
176,13.41,38
176,12.884,34
176,12.884,42
176,12.884,43
176,12.884,35
176,12.884,37
176,12.884,38
176,12.884,34
176,12.2873,37
176,12.2873,36
176,12.2873,34
176,12.2873,33
176,12.2873,34
176,12.2873,37
176,12.2873,36
176,13.3715,35
176,13.3715,34
176,13.3715,38
176,13.3715,36
176,13.3715,35
176,13.3715,36
176,13.3715,35
176,13.4875,36
176,13.4875,36
176,13.4875,36
176,13.4875,38
176,13.4875,38
176,13.4875,35
176,13.4875,59
176,13.4875,36
176,13.4875,36
176,13.4875,37
176,13.4875,36
176,13.4875,35
176,13.4875,34
176,12.7576,40
176,12.7576,36
176,12.7576,38
176,12.7576,39
176,12.7576,37
176,12.7576,56
176,12.7576,37
176,13.4228,44
176,13.4228,45
176,13.4228,38
176,13.4228,38
176,13.4228,36
176,13.4228,37
176,13.4228,37
176,13.4745,38
176,13.4745,36
176,13.4745,36
176,13.4745,37
176,13.4745,35
176,13.4745,34
176,13.4745,35
176,13.4357,36
176,13.4357,34
176,13.4357,35
176,13.4357,35
176,13.4357,36
176,13.4357,36
176,13.4357,37
176,13.4486,35
176,13.4486,36
176,13.4486,40
176,13.4486,37
176,13.4486,36
176,13.4486,34
176,13.4486,38
176,13.4228,35
176,13.4228,35
176,13.4228,35
176,13.4228,38
176,13.4228,37
176,13.4228,37
176,13.4228,34
176,13.4745,38
176,13.4745,37
176,13.4745,36
176,13.4745,36
176,13.4745,36
176,13.4745,37
176,13.4745,36
176,13.4745,38
176,13.4745,39
176,13.4745,36
176,13.4745,33
176,13.4745,36
176,13.4745,35
176,13.4745,35
176,13.5005,37
176,13.5005,35
176,13.5005,35
176,13.5005,36
176,13.5005,41
176,13.5005,49
176,13.5005,34
176,13.5135,38
176,13.5135,34
176,13.5135,36
176,13.5135,36
176,13.5135,36
176,13.5135,35
176,13.5135,34
176,12.8079,37
176,12.8079,35
176,12.8079,38
176,12.8079,35
176,12.8079,34
176,12.8079,38
176,12.8079,39
176,13.4745,34
176,13.4745,37
176,13.4745,36
176,13.4745,36
176,13.4745,37
176,13.4745,38
176,13.4745,34
176,13.5135,39
176,13.5135,36
176,13.5135,34
176,13.5135,35
176,13.5135,37
176,13.5135,35
176,13.5135,36
176,13.346,44
176,13.346,35
176,13.346,38
176,13.346,37
176,13.346,36
176,13.346,36
176,13.346,34
176,13.4745,35
176,13.4745,35
176,13.4745,36
176,13.4745,36
176,13.4745,37
176,13.4745,35
176,13.4745,37
176,13.4615,36
176,13.4615,36
176,13.4615,34
176,13.4615,35
176,13.4615,39
176,13.4615,38
176,13.4615,36
176,13.5005,36
176,13.5005,35
176,13.5005,34
176,13.5005,35
176,13.5005,35
176,13.5005,38
176,13.5005,35
176,13.4486,34
176,13.4486,36
176,13.4486,35
176,13.4486,35
176,13.4486,35
176,13.4486,37
176,13.4486,38
176,13.4486,35
176,13.4486,38
176,13.4486,36
176,13.4486,35
176,13.4486,36
176,13.4486,35
176,12.9353,35
176,12.9353,34
176,12.9353,38
176,12.9353,38
176,12.9353,73
176,12.9353,48
176,12.9353,35
176,13.4486,38
176,13.4486,38
176,13.4486,35
176,13.4486,35
176,13.4486,36
176,13.4486,38
176,13.4486,33
176,13.5005,37
176,13.5005,38
176,13.5005,36
176,13.5005,36
176,13.5005,38
176,13.5005,35
176,13.5005,35
176,13.5005,37
176,13.5005,35
176,13.5005,37
176,13.5005,37
176,13.5005,36
176,13.5005,35
176,13.5005,38
176,13.4875,35
176,13.4875,35
176,13.4875,37
176,13.4875,37
176,13.4875,36
176,13.4875,37
176,13.4875,35
176,13.4745,34
176,13.4745,35
176,13.4745,34
176,13.4745,36
176,13.4745,39
176,13.4745,37
176,13.4745,38
176,13.4228,37
176,13.4228,38
176,13.4228,36
176,13.4228,38
176,13.4228,37
176,13.4228,36
176,13.4228,40
176,13.41,36
176,13.41,34
176,13.41,35
176,13.41,37
176,13.41,37
176,13.41,36
176,13.41,34
176,13.4615,35
176,13.4615,36
176,13.4615,38
176,13.4615,39
176,13.4615,54
176,13.4615,33
176,13.4615,44
176,12.6829,35
176,12.6829,37
176,12.6829,38
176,12.6829,38
176,12.6829,37
176,12.6829,41
176,12.5362,35
176,12.5362,35
176,12.5362,35
176,12.5362,38
176,12.5362,36
176,12.5362,39
176,12.5362,37
176,13.1086,36
176,13.1086,37
176,13.1086,41
176,13.1086,37
176,13.1086,37
176,13.1086,36
176,13.1086,37
176,13.5005,36
176,13.5005,37
176,13.5005,37
176,13.5005,38
176,13.5005,36
176,13.5005,37
176,13.5005,37
176,13.5135,34
176,13.5135,37
176,13.5135,39
176,13.5135,36
176,13.5135,36
176,13.5135,36
176,13.5135,35
176,13.4875,36
176,13.4875,36
176,13.4875,38
176,13.4875,34
176,13.4875,37
176,13.4875,37
176,13.4875,38
176,13.4357,36
176,13.4357,38
176,13.4357,35
176,13.4357,45
176,13.4357,35
176,13.4357,36
176,13.4357,38
176,13.41,41
176,13.41,34
176,13.41,34
176,13.41,34
176,13.41,36
176,13.41,38
176,13.41,34
176,13.0597,34
176,13.0597,45
176,13.0597,34
176,13.0597,33
176,13.0597,50
176,13.0597,35
176,13.0597,35
176,13.2075,35
176,13.2075,36
176,13.2075,34
176,13.2075,35
176,13.2075,35
176,13.2075,37
176,13.2075,37
176,13.4615,36
176,13.4615,39
176,13.4615,38
176,13.4615,34
176,13.4615,36
176,13.4615,34
176,13.4615,35
176,13.4875,37
176,13.4875,45
176,13.4875,36
176,13.4875,34
176,13.4875,37
176,13.4875,38
176,13.4875,38
176,13.4875,37
176,13.4875,36
176,13.4875,35
176,13.4875,34
176,13.4875,39
176,13.4875,37
176,13.4875,38
176,13.5005,38
176,13.5005,34
176,13.5005,37
176,13.5005,33
176,13.5005,35
176,13.5005,35
176,13.5005,35
176,13.0841,37
176,13.0841,38
176,13.0841,36
176,13.0841,35
176,13.0841,39
176,13.0841,37
176,13.0841,38
176,13.4228,36
176,13.4228,37
176,13.4228,38
176,13.4228,35
176,13.4228,38
176,13.4228,35
176,13.4228,34
176,13.41,37
176,13.41,34
176,13.41,35
176,13.41,34
176,13.41,36
176,13.41,35
176,13.41,35
176,12.7701,35
176,12.7701,35
176,12.7701,34
176,12.7701,36
176,12.7701,34
176,12.7701,37
176,12.7701,35
176,13.3971,34
176,13.3971,36
176,13.3971,33
176,13.3971,35
176,13.3971,37
176,13.3971,36
176,13.3971,35
176,13.4228,37
176,13.4228,36
176,13.4228,36
176,13.4228,35
176,13.4228,36
176,13.4228,36
176,13.4228,36
176,13.4357,35
176,13.4357,37
176,13.4357,34
176,13.4357,35
176,13.4357,38
176,13.4357,39
176,13.4357,33
176,13.4745,38
176,13.4745,37
176,13.4745,39
176,13.4745,36
176,13.4745,38
176,13.4745,37
176,13.4745,38
176,13.4615,37
176,13.4615,37
176,13.4615,37
176,13.4615,36
176,13.4615,38
176,13.4615,38
176,13.4615,37
176,13.4875,35
176,13.4875,35
176,13.4875,36
176,13.4875,33
176,13.4875,36
176,13.4875,36
176,13.4875,38
176,13.0112,38
176,13.0112,35
176,13.0112,35
176,13.0112,37
176,13.0112,37
176,13.0112,39
176,13.0112,34
176,13.3715,34
176,13.3715,36
176,13.3715,46
176,13.3715,35
176,13.3715,38
176,13.3715,39
176,12.7576,38
176,12.7576,35
176,12.7576,36
176,12.7576,34
176,12.7576,37
176,12.7576,37
176,12.7576,35
176,13.346,35
176,13.346,38
176,13.346,37
176,13.346,35
176,13.346,37
176,13.346,36
176,13.346,34
176,13.4486,38
176,13.4486,38
176,13.4486,35
176,13.4486,36
176,13.4486,35
176,13.4486,37
176,13.4486,36
176,13.4615,35
176,13.4615,37
176,13.4615,37
176,13.4615,36
176,13.4615,36
176,13.4615,35
176,13.4615,36
176,13.4745,37
176,13.4745,37
176,13.4745,36
176,13.4745,35
176,13.4745,38
176,13.4745,36
176,13.4745,37
176,13.3971,36
176,13.3971,38
176,13.3971,36
176,13.3971,37
176,13.3971,35
176,13.3971,36
176,13.3971,36
176,13.4875,35
176,13.4875,36
176,13.4875,37
176,13.4875,34
176,13.4875,34
176,13.4875,37
176,13.4875,34
176,13.4745,35
176,13.4745,35
176,13.4745,36
176,13.4745,36
176,13.4745,38
176,13.4745,37
176,13.4745,35
176,13.1209,34
176,13.1209,37
176,13.1209,34
176,13.1209,36
176,13.1209,35
176,13.1209,35
176,13.1209,35
176,13.245,34
176,13.245,37
176,13.245,37
176,13.245,36
176,13.245,50
176,13.245,37
176,13.245,35
176,13.4486,35
176,13.4486,36
176,13.4486,36
176,13.4486,38
176,13.4486,36
176,13.4486,37
176,13.4486,37
176,13.4745,35
176,13.4745,35
176,13.4745,35
176,13.4745,38
176,13.4745,36
176,13.4745,35
176,13.4745,38
176,13.4875,36
176,13.4875,35
176,13.4875,38
176,13.4875,37
176,13.4875,35
176,13.4875,33
176,13.4875,37
176,13.5005,35
176,13.5005,37
176,13.5005,35
176,13.5005,36
176,13.5005,39
176,13.5005,66
176,13.5005,38
176,13.4486,38
176,13.4486,35
176,13.4486,35
176,13.4486,40
176,13.4486,39
176,13.4486,35
176,13.4486,36
176,13.4875,36
176,13.4875,37
176,13.4875,35
176,13.4875,38
176,13.4875,36
176,13.4875,36
176,13.4875,36
176,13.3206,33
176,13.3206,36
176,13.3206,35
176,13.3206,38
176,13.3206,37
176,13.3206,34
176,13.3206,36
176,12.8458,34
176,12.8458,36
176,12.8458,40
176,12.8458,37
176,12.8458,38
176,12.8458,37
176,12.8458,37
176,13.1579,38
176,13.1579,37
176,13.1579,35
176,13.1579,37
176,13.1579,37
176,13.1579,36
176,13.1579,37
176,13.41,36
176,13.41,35
176,13.41,36
176,13.41,39
176,13.41,39
176,13.41,36
176,13.41,35
176,13.4875,34
176,13.4875,35
176,13.4875,34
176,13.4875,39
176,13.4875,34
176,13.4875,35
176,13.4875,37
176,13.4486,35
176,13.4486,37
176,13.4486,38
176,13.4486,36
176,13.4486,34
176,13.4486,38
176,13.4486,37
176,13.4615,37
176,13.4615,36
176,13.4615,35
176,13.4615,38
176,13.4615,36
176,13.4615,35
176,13.4615,35
176,13.5005,38
176,13.5005,35
176,13.5005,35
176,13.5005,35
176,13.5005,34
176,13.5005,37
176,13.5005,37
176,13.4228,37
176,13.4228,36
176,13.4228,39
176,13.4228,37
176,13.4228,34
176,13.4228,37
176,13.4228,35
176,13.4745,41
176,13.4745,34
176,13.4745,37
176,13.4745,34
176,13.4745,38
176,13.4745,37
176,12.9353,37
176,12.9353,36
176,12.9353,37
176,12.9353,35
176,12.9353,35
176,12.9353,36
176,12.9353,34
176,13.4228,36
176,13.4228,35
176,13.4228,37
176,13.4228,38
176,13.4228,37
176,13.4228,35
176,13.4228,38
176,13.4486,37
176,13.4486,38
176,13.4486,37
176,13.4486,34
176,13.4486,39
176,13.4486,36
176,13.4486,36
176,13.4745,36
176,13.4745,37
176,13.4745,34
176,13.4745,34
176,13.4745,39
176,13.4745,34
176,13.4745,38
176,13.4615,35
176,13.4615,38
176,13.4615,35
176,13.4615,37
176,13.4615,35
176,13.4615,35
176,13.4615,38
176,13.4745,36
176,13.4745,36
176,13.4745,34
176,13.4745,35
176,13.4745,36
176,13.4745,36
176,13.4745,37
176,13.4875,37
176,13.4875,37
176,13.4875,38
176,13.4875,37
176,13.4875,44
176,13.4875,35
176,13.4875,37
176,13.3715,46
176,13.3715,36
176,13.3715,36
176,13.3715,36
176,13.3715,35
176,13.3715,36
176,13.3715,36
176,13.4228,37
176,13.4228,34
176,13.4228,38
176,13.4228,37
176,13.4228,37
176,13.4228,40
176,13.4228,35
176,13.5005,39
176,13.5005,37
176,13.5005,36
176,13.5005,36
176,13.5005,34
176,13.5005,33
176,13.5005,42
176,13.5135,36
176,13.5135,36
176,13.5135,35
176,13.5135,36
176,13.5135,35
176,13.5135,43
176,13.5135,36
176,13.1455,36
176,13.1455,38
176,13.1455,37
176,13.1455,38
176,13.1455,35
176,13.1455,73
176,13.1455,35
176,13.4875,38
176,13.4875,35
176,13.4875,34
176,13.4875,34
176,13.4875,37
176,13.4875,39
176,13.4875,38
176,13.5135,37
176,13.5135,34
176,13.5135,38
176,13.5135,38
176,13.5135,37
176,13.5135,36
176,13.5135,37
176,13.4745,36
176,13.4745,36
176,13.4745,36
176,13.4745,37
176,13.4745,36
176,13.4745,36
176,13.4745,35
176,13.5005,36
176,13.5005,36
176,13.5005,36
176,13.5005,36
176,13.5005,39
176,13.5005,85
176,13.5005,39
176,13.4875,37
176,13.4875,36
176,13.4875,36
176,13.4875,35
176,13.4875,37
176,13.4875,35
176,13.4875,33
176,13.5005,38
176,13.5005,36
176,13.5005,49
176,13.5005,36
176,13.5005,35
176,13.5005,35
176,13.5005,38
176,13.5005,35
176,13.5005,36
176,13.5005,36
176,13.5005,40
176,13.5005,35
176,13.5005,37
176,13.5005,35
176,13.3715,39
176,13.3715,37
176,13.3715,36
176,13.3715,35
176,13.3715,43
176,13.3715,35
176,13.3715,37
176,13.4357,37
176,13.4357,38
176,13.4357,37
176,13.4357,47
176,13.4357,35
176,13.4357,37
176,13.4357,37
176,12.9353,36
176,12.9353,38
176,12.9353,34
176,12.9353,34
176,12.9353,37
176,12.9353,38
176,12.9353,39
176,13.4486,37
176,13.4486,35
176,13.4486,34
176,13.4486,36
176,13.4486,37
176,13.4486,35
176,13.4486,35
176,13.4875,34
176,13.4875,37
176,13.4875,37
176,13.4875,42
176,13.4875,36
176,13.4875,36
176,13.4875,35
176,13.4486,38
176,13.4486,37
176,13.4486,35
176,13.4486,36
176,13.4486,38
176,13.4486,39
176,13.4486,39
176,13.5135,36
176,13.5135,39
176,13.5135,48
176,13.5135,35
176,13.5135,36
176,13.5135,34
176,13.5135,40
176,13.4875,36
176,13.4875,46
176,13.4875,37
176,13.4875,35
176,13.4875,36
176,13.4875,38
176,13.4875,34
176,13.4486,35
176,13.4486,37
176,13.4486,35
176,13.4486,36
176,13.4486,35
176,13.4486,35
176,13.4486,35
176,13.4228,34
176,13.4228,35
176,13.4228,36
176,13.4228,38
176,13.4228,36
176,13.4228,36
176,13.4228,37
176,13.4615,37
176,13.4615,35
176,13.4615,35
176,13.4615,37
176,13.4615,34
176,13.4615,36
176,13.4615,39
176,13.3333,37
176,13.3333,37
176,13.3333,37
176,13.3333,37
176,13.3333,39
176,13.3333,37
176,13.3333,36
176,13.0964,41
176,13.0964,36
176,13.0964,35
176,13.0964,36
176,13.0964,38
176,13.0964,36
176,13.0964,39
176,13.4228,38
176,13.4228,37
176,13.4228,38
176,13.4228,37
176,13.4228,36
176,13.4228,37
176,13.4228,37
176,13.4615,39
176,13.4615,37
176,13.4615,36
176,13.4615,35
176,13.4615,38
176,13.4615,38
176,13.4615,33
176,13.5135,37
176,13.5135,35
176,13.5135,36
176,13.5135,36
176,13.5135,37
176,13.5135,38
176,13.5135,39
176,13.5005,36
176,13.5005,36
176,13.5005,37
176,13.5005,38
176,13.5005,34
176,13.5005,36
176,13.5005,39
176,13.3715,37
176,13.3715,38
176,13.3715,35
176,13.3715,36
176,13.3715,34
176,13.3715,36
176,13.3715,34
176,13.4615,36
176,13.4615,35
176,13.4615,36
176,13.4615,34
176,13.4615,37
176,13.4615,34
