0,0,81
0,0,21
0,0,20
0,0,25
0,0,43
0,0,24
0,0,37
0,0,34
0,0,21
0,0,18
0,0,39
0,0,41
0,0,41
0,0,39
0,0,25
0,0,40
0,0,39
0,0,25
0,0,32
0,0,26
0,0,28
0,0,24
0,0,47
0,0,33
0,46.3968,24
0,46.3968,41
0,46.3968,41
0,46.3968,40
0,46.3968,44
0,46.3968,35
0,46.3968,41
0,46.3968,42
0,46.3968,41
0,46.3968,41
0,46.3968,26
0,46.3968,29
0,46.3968,27
0,46.3968,40
0,46.3968,37
0,46.3968,39
0,46.3968,50
0,46.3968,42
0,46.3968,61
0,46.3968,66
0,46.3968,28
0,46.3968,44
0,46.3968,46
0,46.3968,34
0,46.3968,25
0,46.3968,34
0,46.3968,34
0,46.3968,49
0,46.3968,23
0,46.3968,46
0,59.8626,40
0,59.8626,41
0,59.8626,51
0,59.8626,26
0,59.8626,42
0,59.8626,41
0,59.8626,40
0,59.8626,46
0,59.8626,47
0,59.8626,59
0,59.8626,32
0,59.8626,23
0,59.8626,64
0,59.8626,30
0,59.8626,28
0,59.8626,31
0,59.8626,39
0,59.8626,40
0,59.8626,39
0,59.8626,24
0,59.8626,21
0,59.8626,43
0,59.8626,61
0,59.8626,66
0,59.8626,38
0,59.8626,39
0,59.8626,41
0,59.8626,29
0,59.8626,33
0,59.8626,29
0,59.9401,27
0,59.9401,25
0,59.9401,45
0,59.9401,40
0,59.9401,40
0,59.9401,38
0,59.9401,40
0,59.9401,40
0,59.9401,41
0,59.9401,40
0,59.9401,40
0,59.9401,40
0,59.9401,46
0,59.9401,43
0,59.9401,34
0,59.9401,24
0,59.9401,30
0,59.9401,26
0,59.9401,38
0,59.9401,41
0,59.9401,40
0,59.9401,25
0,59.9401,30
0,59.9401,26
0,59.9401,24
0,59.9401,37
0,59.9401,42
0,59.9401,35
0,59.9401,32
0,59.9401,25
0,59.9401,42
0,60.2172,63
0,60.2172,40
0,60.2172,40
0,60.2172,41
0,60.2172,40
0,60.2172,40
0,60.2172,41
0,60.2172,41
0,60.2172,41
0,60.2172,39
0,60.2172,45
0,60.2172,39
0,60.2172,39
0,60.2172,38
0,60.2172,40
0,60.2172,39
0,60.2172,41
0,60.2172,33
0,60.2172,24
0,60.2172,47
0,60.2172,46
0,60.2172,41
0,60.2172,39
0,60.2172,40
0,60.2172,38
0,60.2172,41
0,60.2172,30
0,60.2172,37
0,60.2172,39
0,60.2172,39
0,59.761,19
0,59.761,24
0,59.761,29
0,59.761,24
0,59.761,37
0,59.761,39
0,59.761,30
0,59.761,41
0,59.761,42
0,59.761,29
0,59.761,41
0,59.761,32
0,59.761,33
0,59.761,29
0,59.761,43
0,59.761,53
0,59.761,27
0,59.761,43
0,59.761,40
0,59.761,38
0,59.761,52
0,59.761,55
0,59.761,55
0,59.761,46
0,59.761,45
0,59.761,44
0,59.761,36
0,59.761,40
0,59.761,40
0,59.761,39
0,60.2767,40
0,60.2767,41
0,60.2767,32
0,60.2767,23
0,60.2767,42
0,60.2767,39
0,60.2767,39
0,60.2767,45
0,60.2767,29
0,60.2767,28
0,60.2767,30
0,60.2767,62
0,60.2767,40
0,60.2767,27
0,60.2767,33
0,60.2767,29
0,60.2767,38
0,60.2767,42
0,60.2767,28
0,60.2767,39
0,60.2767,42
0,60.2767,39
0,60.2767,26
0,60.2767,57
0,60.2767,38
22,60.2767,20
22,60.2767,47
22,60.2767,42
22,60.2767,43
22,60.2767,42
22,58.7649,46
22,58.7649,41
22,58.7649,44
22,58.7649,43
22,58.7649,42
22,58.7649,38
22,58.7649,45
22,58.7649,36
22,58.7649,35
22,58.7649,40
22,58.7649,33
22,58.7649,29
22,58.7649,41
22,58.7649,42
22,58.7649,43
22,58.7649,44
22,58.7649,41
22,58.7649,44
22,58.7649,45
22,58.7649,41
22,58.7649,44
22,58.7649,41
22,58.7649,38
22,58.7649,42
22,58.7649,43
22,58.7649,36
22,58.7649,34
22,58.7649,35
22,58.7649,35
22,58.7649,44
22,60.2172,41
22,60.2172,32
22,60.2172,43
22,60.2172,35
22,60.2172,40
22,60.2172,40
22,60.2172,44
22,60.2172,42
22,60.2172,43
22,60.2172,41
22,60.2172,42
22,60.2172,45
22,60.2172,40
22,60.2172,39
22,60.2172,40
22,60.2172,33
22,60.2172,38
22,60.2172,40
22,60.2172,34
22,60.2172,45
22,60.2172,41
22,60.2172,55
22,60.2172,43
22,60.2172,41
22,60.2172,40
22,60.2172,48
22,60.2172,43
22,60.2172,39
22,60.2172,41
22,60.2172,39
22,59.761,38
22,59.761,40
22,59.761,46
22,59.761,42
22,59.761,50
22,59.761,38
22,59.761,33
22,59.761,39
22,59.761,40
22,59.761,40
22,59.761,45
22,59.761,43
22,59.761,41
22,59.761,42
22,59.761,37
22,59.761,41
22,59.761,36
22,59.761,39
22,59.761,36
22,59.761,38
22,59.761,36
22,59.761,38
22,59.761,38
22,59.761,44
22,59.761,36
22,59.761,37
22,59.761,44
22,59.761,45
22,59.761,41
22,59.761,39
22,59.761,37
22,60.2172,34
22,60.2172,35
22,60.2172,36
22,60.2172,40
22,60.2172,44
22,60.2172,41
22,60.2172,44
22,60.2172,42
22,60.2172,43
22,60.2172,42
22,60.2172,42
22,60.2172,39
22,60.2172,40
22,60.2172,39
22,60.2172,39
22,60.2172,41
22,60.2172,30
22,60.2172,41
22,60.2172,35
22,60.2172,36
22,60.2172,35
22,60.2172,39
22,60.2172,35
22,60.2172,38
22,60.2172,46
22,60.2172,40
22,60.2172,39
22,60.2172,42
22,60.2172,40
22,60.2172,37
22,59.8039,33
22,59.8039,40
22,59.8039,40
22,59.8039,39
22,59.8039,41
22,59.8039,43
22,59.8039,42
22,59.8039,39
22,59.8039,40
22,59.8039,45
22,59.8039,36
22,59.8039,41
22,59.8039,42
22,59.8039,40
22,59.8039,37
22,59.8039,40
22,59.8039,40
22,59.8039,41
22,59.8039,35
22,59.8039,36
22,59.8039,38
22,59.8039,41
22,59.8039,45
22,59.8039,43
22,59.8039,43
22,59.8039,37
22,59.8039,36
22,59.8039,34
22,59.8039,40
22,59.8039,42
22,59.8039,43
22,60.2172,30
22,60.2172,43
22,60.2172,43
22,60.2172,43
22,60.2172,40
22,60.2172,44
22,60.2172,44
22,60.2172,40
22,60.2172,39
22,60.2172,39
22,60.2172,39
22,60.2172,44
22,60.2172,40
22,60.2172,40
22,60.2172,59
22,60.2172,43
22,60.2172,42
22,60.2172,41
22,60.2172,35
22,60.2172,37
22,60.2172,56
22,60.2172,43
22,60.2172,40
22,60.2172,56
22,60.2172,39
22,60.2172,41
22,60.2172,42
22,60.2172,38
22,60.2172,42
22,60.2172,45
22,59.9803,39
22,59.9803,38
22,59.9803,38
22,59.9803,38
22,59.9803,43
22,59.9803,43
22,59.9803,42
22,59.9803,41
22,59.9803,37
22,59.9803,35
22,59.9803,33
22,59.9803,42
22,59.9803,43
22,59.9803,42
22,59.9803,42
22,59.9803,41
22,59.9803,49
22,59.9803,38
22,59.9803,39
22,59.9803,42
22,59.9803,38
22,59.9803,36
22,59.9803,35
22,59.9803,38
22,59.9803,41
22,59.9803,41
22,59.9803,33
22,59.9803,37
22,59.9803,40
22,59.9803,42
22,59.9803,44
22,59.8039,39
22,59.8039,43
22,59.8039,37
22,59.8039,40
22,59.8039,41
22,59.8039,44
22,59.8039,38
22,59.8039,42
22,59.8039,41
22,59.8039,42
22,59.8039,42
22,59.8039,38
22,59.8039,33
22,59.8039,41
22,59.8039,43
22,59.8039,52
22,59.8039,49
22,59.8039,61
22,59.8039,53
22,59.8039,44
22,59.8039,65
22,59.8039,65
22,59.8039,62
22,59.8039,47
22,59.8039,42
22,59.8039,42
22,59.8039,37
22,59.8039,44
22,59.8039,40
22,59.8039,43
22,60.2172,41
22,60.2172,40
22,60.2172,36
22,60.2172,42
22,60.2172,43
22,60.2172,39
22,60.2172,42
22,60.2172,41
22,60.2172,42
22,60.2172,36
22,60.2172,37
22,60.2172,34
22,60.2172,42
22,60.2172,56
22,60.2172,38
22,60.2172,39
22,60.2172,40
22,60.2172,38
22,60.2172,42
22,60.2172,69
22,60.2172,44
22,60.2172,41
22,60.2172,34
22,60.2172,39
22,60.2172,42
22,60.2172,36
22,60.2172,37
22,60.2172,40
22,60.2172,38
22,60.2172,46
22,60.2172,42
22,59.9803,39
22,59.9803,39
22,59.9803,41
22,59.9803,34
22,59.9803,30
22,59.9803,34
22,59.9803,41
22,59.9803,38
22,59.9803,41
22,59.9803,43
22,59.9803,38
22,59.9803,37
22,59.9803,40
22,59.9803,44
22,59.9803,39
22,59.9803,37
22,59.9803,38
22,59.9803,37
22,59.9803,42
22,59.9803,41
22,59.9803,41
22,59.9803,33
22,59.9803,21
22,59.9803,23
22,59.9803,32
22,59.9803,31
22,59.9803,28
22,59.9803,33
22,59.9803,34
22,59.9803,32
22,60.0394,39
22,60.0394,34
22,60.0394,36
22,60.0394,22
22,60.0394,44
22,60.0394,42
22,60.0394,28
22,60.0394,36
22,60.0394,39
22,60.0394,39
22,60.0394,39
22,60.0394,37
22,60.0394,43
22,60.0394,40
22,60.0394,40
22,60.0394,52
22,60.0394,19
22,60.0394,36
22,60.0394,28
22,60.0394,35
22,60.0394,81
22,60.0394,33
22,60.0394,35
22,60.0394,39
22,60.0394,36
22,60.0394,40
22,60.0394,42
22,60.0394,40
22,60.0394,36
22,60.0394,30
22,59.761,35
22,59.761,41
22,59.761,32
22,59.761,35
22,59.761,30
22,59.761,106
22,59.761,25
22,59.761,19
22,59.761,42
22,59.761,27
22,59.761,38
22,59.761,39
22,59.761,36
22,59.761,39
22,59.761,37
22,59.761,38
22,59.761,63
22,59.761,48
22,59.761,27
22,59.761,41
22,59.761,41
22,59.761,48
22,59.761,43
22,59.761,33
22,59.761,44
22,59.761,41
22,59.761,41
22,59.761,38
22,59.761,40
22,59.761,57
22,59.761,40
22,60.2172,34
22,60.2172,32
22,60.2172,53
22,60.2172,40
22,60.2172,43
22,60.2172,34
22,60.2172,30
22,60.2172,38
22,60.2172,40
22,60.2172,42
22,60.2172,68
22,60.2172,37
22,60.2172,43
22,60.2172,40
22,60.2172,42
22,60.2172,47
22,60.2172,34
22,60.2172,38
22,60.2172,44
22,60.2172,20
22,60.2172,35
22,60.2172,62
22,60.2172,48
22,60.2172,39
22,60.2172,43
22,60.2172,46
22,60.2172,62
22,60.2172,40
22,60.2172,45
22,60.2172,45
44,59.8802,23
44,59.8802,19
44,59.8802,19
44,59.8802,19
44,59.8802,20
44,59.8802,20
44,59.8802,20
44,59.8802,19
44,59.8802,19
44,59.8802,21
44,59.8802,18
44,59.8802,18
44,59.8802,19
44,59.8802,23
44,59.8802,20
44,59.8802,19
44,59.8802,18
44,59.8802,19
44,59.8802,19
44,59.8802,22
44,59.8802,19
44,59.8802,20
44,59.8802,23
44,46.8127,20
44,46.8127,19
44,46.8127,20
44,46.8127,22
44,46.8127,19
44,46.8127,21
44,46.8127,20
44,46.8127,20
44,46.8127,20
44,46.8127,20
44,46.8127,19
44,46.8127,21
44,46.8127,20
44,46.8127,19
44,46.8127,20
44,46.8127,33
44,46.8127,19
44,46.8127,42
44,46.8127,19
44,46.8127,49
44,46.8127,19
44,46.8127,19
44,46.8127,20
44,46.8127,19
44,47.8088,21
44,47.8088,19
44,47.8088,20
44,47.8088,20
44,47.8088,24
44,47.8088,19
44,47.8088,19
44,47.8088,19
44,47.8088,19
44,47.8088,19
44,47.8088,20
44,47.8088,19
44,47.8088,20
44,47.8088,20
44,47.8088,20
44,47.8088,19
44,47.8088,20
44,47.8088,18
44,47.8088,20
44,47.8088,20
44,47.8088,19
44,47.8088,23
44,47.8088,20
44,47.8088,19
44,47.2441,21
44,47.2441,21
44,47.2441,19
44,47.2441,18
44,47.2441,19
44,47.2441,21
44,47.2441,19
44,47.2441,19
44,47.2441,19
44,47.2441,20
44,47.2441,19
44,47.2441,19
44,47.2441,19
44,47.2441,20
44,47.2441,20
44,47.2441,19
44,47.2441,19
44,47.2441,20
44,47.2441,19
44,47.2441,19
44,47.2441,30
44,47.2441,19
44,47.2441,37
44,47.2441,19
44,47.2441,19
44,48.4669,20
44,48.4669,20
44,48.4669,20
44,48.4669,19
44,48.4669,20
44,48.4669,19
44,48.4669,21
44,48.4669,19
44,48.4669,19
44,48.4669,19
44,48.4669,19
44,48.4669,21
44,48.4669,22
44,48.4669,20
44,48.4669,20
44,48.4669,19
44,48.4669,19
44,48.4669,19
44,48.4669,19
44,48.4669,19
44,48.4669,19
44,48.4669,19
44,48.4669,20
44,48.4669,19
44,48.4669,19
44,50.7463,20
44,50.7463,20
44,50.7463,19
44,50.7463,20
44,50.7463,19
44,50.7463,21
44,50.7463,19
44,50.7463,20
44,50.7463,20
44,50.7463,20
44,50.7463,21
44,50.7463,19
44,50.7463,19
44,50.7463,21
44,50.7463,18
44,50.7463,20
44,50.7463,20
44,50.7463,20
44,50.7463,19
44,50.7463,19
44,50.7463,19
44,50.7463,19
44,50.7463,19
44,50.7463,19
44,50.7463,20
44,50.7463,20
44,51.1308,18
44,51.1308,17
44,51.1308,21
44,51.1308,18
44,51.1308,19
44,51.1308,21
44,51.1308,18
44,51.1308,19
44,51.1308,20
44,51.1308,18
44,51.1308,20
44,51.1308,39
44,51.1308,18
44,51.1308,19
44,51.1308,19
44,51.1308,19
44,51.1308,19
44,51.1308,19
44,51.1308,20
44,51.1308,19
44,51.1308,19
44,51.1308,19
44,51.1308,20
44,51.1308,19
44,51.1308,19
44,51.1308,26
44,51.0304,19
44,51.0304,19
44,51.0304,19
44,51.0304,20
44,51.0304,19
44,51.0304,20
44,51.0304,20
44,51.0304,25
44,51.0304,19
44,51.0304,18
44,51.0304,20
44,51.0304,19
44,51.0304,20
44,51.0304,19
44,51.0304,19
44,51.0304,18
44,51.0304,21
44,51.0304,19
44,51.0304,19
44,51.0304,61
44,51.0304,18
44,51.0304,19
44,51.0304,19
44,51.0304,19
44,51.0304,18
44,51.0304,20
44,50.2463,19
44,50.2463,22
44,50.2463,19
44,50.2463,19
44,50.2463,22
44,50.2463,20
44,50.2463,79
44,50.2463,22
44,50.2463,19
44,50.2463,20
44,50.2463,21
44,50.2463,19
44,50.2463,19
44,50.2463,19
44,50.2463,18
44,50.2463,20
44,50.2463,19
44,50.2463,21
44,50.2463,21
44,50.2463,21
44,50.2463,19
44,50.2463,20
44,50.2463,18
44,50.2463,20
44,50.2463,20
44,50.6958,20
44,50.6958,19
44,50.6958,19
44,50.6958,21
44,50.6958,19
44,50.6958,18
44,50.6958,19
44,50.6958,21
44,50.6958,20
44,50.6958,20
44,50.6958,22
44,50.6958,18
44,50.6958,20
44,50.6958,18
44,50.6958,19
44,50.6958,19
44,50.6958,19
44,50.6958,18
44,50.6958,20
44,50.6958,19
44,50.6958,20
44,50.6958,20
44,50.6958,19
44,50.6958,20
44,50.6958,19
44,50.6958,19
44,50.5451,19
44,50.5451,19
44,50.5451,20
44,50.5451,20
44,50.5451,22
44,50.5451,20
44,50.5451,20
44,50.5451,20
44,50.5451,20
44,50.5451,20
44,50.5451,19
44,50.5451,19
44,50.5451,20
44,50.5451,20
44,50.5451,48
44,50.5451,19
44,50.5451,20
44,50.5451,21
44,50.5451,19
44,50.5451,19
44,50.5451,19
44,50.5451,19
44,50.5451,20
44,50.5451,19
44,50.5451,24
44,50.9491,20
44,50.9491,19
44,50.9491,20
44,50.9491,18
44,50.9491,18
44,50.9491,20
44,50.9491,19
44,50.9491,20
44,50.9491,23
44,50.9491,19
44,50.9491,20
44,50.9491,19
44,50.9491,19
44,50.9491,18
44,50.9491,19
44,50.9491,19
44,50.9491,19
44,50.9491,19
44,50.9491,19
44,50.9491,19
44,50.9491,20
44,50.9491,20
44,50.9491,19
44,50.9491,20
44,50.9491,24
44,50.9491,19
44,50.6958,20
44,50.6958,19
44,50.6958,19
44,50.6958,19
44,50.6958,23
44,50.6958,19
44,50.6958,20
44,50.6958,18
44,50.6958,19
44,50.6958,18
44,50.6958,21
44,50.6958,19
44,50.6958,23
44,50.6958,23
44,50.6958,21
44,50.6958,19
44,50.6958,20
44,50.6958,19
44,50.6958,20
44,50.6958,19
44,50.6958,19
44,50.6958,21
44,50.6958,19
44,50.6958,19
44,48.5149,20
44,48.5149,19
44,48.5149,19
44,48.5149,50
44,48.5149,20
44,48.5149,19
44,48.5149,18
44,48.5149,19
44,48.5149,20
44,48.5149,19
44,48.5149,19
44,48.5149,19
44,48.5149,19
44,48.5149,21
44,48.5149,19
44,48.5149,19
44,48.5149,20
44,48.5149,20
44,48.5149,20
44,48.5149,20
44,48.5149,19
44,48.5149,19
44,48.5149,20
44,48.5149,20
44,48.5149,20
44,48.5149,19
44,51.0304,19
44,51.0304,19
44,51.0304,19
44,51.0304,19
44,51.0304,20
44,51.0304,19
44,51.0304,18
44,51.0304,19
44,51.0304,20
44,51.0304,19
44,51.0304,19
44,51.0304,20
44,51.0304,19
44,51.0304,21
44,51.0304,18
44,51.0304,19
44,51.0304,19
44,51.0304,18
44,51.0304,19
44,51.0304,20
44,51.0304,18
44,51.0304,18
44,51.0304,19
44,51.0304,19
44,51.0304,18
44,51.0304,19
44,51.2821,20
44,51.2821,20
44,51.2821,19
44,51.2821,20
44,51.2821,18
44,51.2821,20
44,51.2821,19
44,51.2821,19
44,51.2821,18
44,51.2821,19
44,51.2821,18
44,51.2821,20
44,51.2821,20
44,51.2821,19
44,51.2821,28
44,51.2821,35
44,51.2821,19
44,51.2821,19
44,51.2821,19
44,51.2821,19
44,51.2821,19
44,51.2821,19
44,51.2821,19
66,51.2821,20
66,51.2821,19
66,47.7583,20
66,47.7583,18
66,47.7583,18
66,47.7583,19
66,47.7583,19
66,47.7583,20
66,47.7583,21
66,47.7583,18
66,47.7583,19
66,47.7583,20
66,47.7583,20
66,47.7583,19
66,47.7583,19
66,47.7583,19
66,47.7583,19
66,47.7583,19
66,47.7583,19
66,33.8983,20
66,33.8983,20
66,33.8983,21
66,33.8983,21
66,33.8983,19
66,33.8983,19
66,33.8983,20
66,33.8983,19
66,33.8983,21
66,33.8983,21
66,33.8983,19
66,33.8983,20
66,33.8983,21
66,33.8983,19
66,33.8983,20
66,33.8983,19
66,33.8983,20
66,33.8645,20
66,33.8645,20
66,33.8645,19
66,33.8645,20
66,33.8645,19
66,33.8645,20
66,33.8645,18
66,33.8645,19
66,33.8645,20
66,33.8645,19
66,33.8645,19
66,33.8645,20
66,33.8645,20
66,33.8645,19
66,33.8645,20
66,33.8645,20
66,33.8645,19
66,33.8645,18
66,33.8645,19
66,33.8645,37
66,33.8645,20
66,33.8645,19
66,33.8645,18
66,33.8645,20
66,33.8645,18
66,33.8645,19
66,33.8645,19
66,33.8645,20
66,33.8645,19
66,33.8645,18
66,33.8645,19
66,33.8645,20
66,33.8645,19
66,33.8645,19
66,34.0136,19
66,34.0136,19
66,34.0136,21
66,34.0136,24
66,34.0136,20
66,34.0136,20
66,34.0136,20
66,34.0136,19
66,34.0136,19
66,34.0136,20
66,34.0136,20
66,34.0136,19
66,34.0136,21
66,34.0136,19
66,34.0136,20
66,34.0136,19
66,34.0136,18
66,33.966,20
66,33.966,19
66,33.966,20
66,33.966,19
66,33.966,19
66,33.966,20
66,33.966,38
66,33.966,23
66,33.966,21
66,33.966,22
66,33.966,20
66,33.966,20
66,33.966,19
66,33.966,18
66,33.966,19
66,33.966,18
66,33.966,20
66,32.7706,21
66,32.7706,19
66,32.7706,20
66,32.7706,19
66,32.7706,18
66,32.7706,20
66,32.7706,19
66,32.7706,17
66,32.7706,20
66,32.7706,25
66,32.7706,19
66,32.7706,23
66,32.7706,20
66,32.7706,19
66,32.7706,20
66,32.7706,20
66,32.7706,25
66,33.1707,21
66,33.1707,20
66,33.1707,19
66,33.1707,19
66,33.1707,19
66,33.1707,20
66,33.1707,22
66,33.1707,20
66,33.1707,20
66,33.1707,20
66,33.1707,20
66,33.1707,20
66,33.1707,19
66,33.1707,19
66,33.1707,19
66,33.1707,21
66,33.1707,20
66,34.0136,19
66,34.0136,18
66,34.0136,19
66,34.0136,19
66,34.0136,19
66,34.0136,19
66,34.0136,20
66,34.0136,19
66,34.0136,19
66,34.0136,18
66,34.0136,19
66,34.0136,18
66,34.0136,20
66,34.0136,19
66,34.0136,20
66,34.0136,20
66,34.0136,19
66,34.0136,20
66,34.1131,20
66,34.1131,19
66,34.1131,20
66,34.1131,20
66,34.1131,20
66,34.1131,21
66,34.1131,19
66,34.1131,19
66,34.1131,21
66,34.1131,21
66,34.1131,19
66,34.1131,18
66,34.1131,19
66,34.1131,36
66,34.1131,20
66,34.1131,18
66,34.1131,19
66,33.8983,22
66,33.8983,20
66,33.8983,19
66,33.8983,20
66,33.8983,20
66,33.8983,19
66,33.8983,26
66,33.8983,19
66,33.8983,20
66,33.8983,21
66,33.8983,20
66,33.8983,19
66,33.8983,20
66,33.8983,20
66,33.8983,19
66,33.8983,19
66,33.8983,20
66,33.9321,19
66,33.9321,20
66,33.9321,20
66,33.9321,20
66,33.9321,20
66,33.9321,25
66,33.9321,19
66,33.9321,20
66,33.9321,19
66,33.9321,20
66,33.9321,20
66,33.9321,18
66,33.9321,20
66,33.9321,20
66,33.9321,19
66,33.9321,19
66,33.9321,19
66,34.1463,19
66,34.1463,31
66,34.1463,19
66,34.1463,18
66,34.1463,20
66,34.1463,19
66,34.1463,25
66,34.1463,19
66,34.1463,19
66,34.1463,19
66,34.1463,21
66,34.1463,21
66,34.1463,20
66,34.1463,19
66,34.1463,20
66,34.1463,20
66,34.1463,19
66,33.7972,19
66,33.7972,20
66,33.7972,20
66,33.7972,20
66,33.7972,19
66,33.7972,20
66,33.7972,18
66,33.7972,19
66,33.7972,20
66,33.7972,20
66,33.7972,20
66,33.7972,19
66,33.7972,29
66,33.7972,20
66,33.7972,19
66,33.7972,21
66,33.7972,20
66,33.5968,23
66,33.5968,19
66,33.5968,20
66,33.5968,20
66,33.5968,20
66,33.5968,27
66,33.5968,20
66,33.5968,19
66,33.5968,19
66,33.5968,20
66,33.5968,19
66,33.5968,18
66,33.5968,21
66,33.5968,19
66,33.5968,21
66,33.5968,19
66,33.5968,19
66,33.5968,20
66,34.0467,20
66,34.0467,19
66,34.0467,20
66,34.0467,20
66,34.0467,19
66,34.0467,20
66,34.0467,20
66,34.0467,20
66,34.0467,19
66,34.0467,19
66,34.0467,19
66,34.0467,20
66,34.0467,19
66,34.0467,21
66,34.0467,20
66,34.0467,20
66,34.0467,18
66,34.1463,21
66,34.1463,20
66,34.1463,21
66,34.1463,19
66,34.1463,20
66,34.1463,18
66,34.1463,19
66,34.1463,20
66,34.1463,21
66,34.1463,20
66,34.1463,19
66,34.1463,20
66,34.1463,20
66,34.1463,19
66,34.1463,18
66,34.1463,19
66,34.1463,19
66,34.1463,20
66,34.1131,20
66,34.1131,20
66,34.1131,19
66,34.1131,18
66,34.1131,21
66,34.1131,19
66,34.1131,19
66,34.1131,19
66,34.1131,20
66,34.1131,28
66,34.1131,20
66,34.1131,21
66,34.1131,20
66,34.1131,20
66,34.1131,20
66,34.1131,19
66,34.1131,20
66,33.8819,20
66,33.8819,20
66,33.8819,28
66,33.8819,24
66,33.8819,20
66,33.8819,21
66,33.8819,17
66,33.8819,20
66,33.8819,21
66,33.8819,20
66,33.8819,19
66,33.8819,19
66,33.8819,20
66,33.8819,24
66,33.8819,18
66,33.8819,20
66,33.8819,20
66,33.0739,18
66,33.0739,19
66,33.0739,19
66,33.0739,19
66,33.0739,20
66,33.0739,19
66,33.0739,19
66,33.0739,20
66,33.0739,19
66,33.0739,20
66,33.0739,20
66,33.0739,21
66,33.0739,19
66,33.0739,19
66,33.0739,19
66,33.0739,20
66,33.0739,18
66,33.0739,20
66,34.0467,19
66,34.0467,19
66,34.0467,24
66,34.0467,19
66,34.0467,21
66,34.0467,19
66,34.0467,21
66,34.0467,19
66,34.0467,20
66,34.0467,19
66,34.0467,20
66,34.0467,19
66,34.0467,21
66,34.0467,27
66,34.0467,19
66,34.0467,19
66,34.0467,19
66,33.966,19
66,33.966,19
66,33.966,20
66,33.966,19
66,33.966,20
66,33.966,19
66,33.966,19
66,33.966,21
66,33.966,20
66,33.966,19
66,33.966,20
66,33.966,20
66,33.966,20
66,33.966,21
66,33.966,23
66,33.966,20
66,33.966,19
66,33.6634,20
66,33.6634,20
66,33.6634,19
66,33.6634,19
66,33.6634,21
66,33.6634,21
66,33.6634,20
66,33.6634,20
66,33.6634,21
66,33.6634,24
66,33.6634,19
66,33.6634,20
66,33.6634,20
66,33.6634,21
66,33.6634,19
66,33.6634,19
66,33.6634,19
66,34.0467,18
66,34.0467,19
66,34.0467,21
88,34.0467,21
88,34.0467,22
88,34.0467,19
88,34.0467,20
88,34.0467,20
88,34.0467,20
88,34.0467,19
88,34.0467,20
88,34.0467,20
88,34.0467,20
88,34.0467,20
88,26.4447,20
88,26.4447,19
88,26.4447,20
88,26.4447,19
88,26.4447,19
88,26.4447,20
88,26.4447,19
88,26.4447,20
88,26.4447,19
88,26.4447,20
88,26.4447,20
88,26.4447,20
88,26.4447,19
88,26.6798,19
88,26.6798,19
88,26.6798,20
88,26.6798,21
88,26.6798,23
88,26.6798,18
88,26.6798,21
88,26.6798,20
88,26.6798,18
88,26.6798,19
88,26.6798,19
88,26.6798,19
88,26.6798,20
88,26.6798,18
88,26.6535,19
88,26.6535,20
88,26.6535,19
88,26.6535,20
88,26.6535,19
88,26.6535,19
88,26.6535,18
88,26.6535,20
88,26.6535,19
88,26.6535,18
88,26.6535,20
88,26.6535,19
88,26.6535,19
88,26.5748,20
88,26.5748,19
88,26.5748,21
88,26.5748,20
88,26.5748,20
88,26.5748,19
88,26.5748,20
88,26.5748,20
88,26.5748,26
88,26.5748,20
88,26.5748,20
88,26.5748,18
88,26.5748,19
88,25.8706,20
88,25.8706,19
88,25.8706,21
88,25.8706,20
88,25.8706,20
88,25.8706,19
88,25.8706,37
88,25.8706,19
88,25.8706,19
88,25.8706,20
88,25.8706,19
88,25.8706,19
88,25.8706,19
88,25.8706,18
88,26.393,21
88,26.393,19
88,26.393,19
88,26.393,20
88,26.393,20
88,26.393,19
88,26.393,19
88,26.393,21
88,26.393,19
88,26.393,20
88,26.393,19
88,26.393,18
88,26.393,19
88,26.4188,20
88,26.4188,20
88,26.4188,20
88,26.4188,21
88,26.4188,18
88,26.4188,19
88,26.4188,19
88,26.4188,20
88,26.4188,20
88,26.4188,19
88,26.4188,20
88,26.4188,21
88,26.4188,20
88,26.4188,18
88,26.6798,20
88,26.6798,19
88,26.6798,19
88,26.6798,19
88,26.6798,21
88,26.6798,21
88,26.6798,21
88,26.6798,19
88,26.6798,19
88,26.6798,19
88,26.6798,19
88,26.6798,18
88,26.6798,18
88,26.6535,19
88,26.6535,21
88,26.6535,19
88,26.6535,18
88,26.6535,19
88,26.6535,18
88,26.6535,20
88,26.6535,20
88,26.6535,20
88,26.6535,21
88,26.6535,20
88,26.6535,20
88,26.6535,20
88,26.6535,18
88,26.6272,19
88,26.6272,20
88,26.6272,20
88,26.6272,20
88,26.6272,20
88,26.6272,20
88,26.6272,19
88,26.6272,20
88,26.6272,19
88,26.6272,18
88,26.6272,20
88,26.6272,19
88,26.6272,20
88,26.6798,18
88,26.6798,19
88,26.6798,20
88,26.6798,19
88,26.6798,20
88,26.6798,19
88,26.6798,20
88,26.6798,21
88,26.6798,19
88,26.6798,21
88,26.6798,20
88,26.6798,19
88,26.6798,20
88,26.6798,19
88,26.6798,18
88,26.6798,20
88,26.6798,19
88,26.6798,19
88,26.6798,19
88,26.6798,18
88,26.6798,19
88,26.6798,19
88,26.6798,20
88,26.6798,20
88,26.6798,21
88,26.6798,19
88,26.6798,19
88,26.6798,21
88,26.6798,20
88,26.6798,19
88,26.6798,20
88,26.6798,19
88,26.6798,20
88,26.6798,20
88,26.6798,21
88,26.6798,20
88,26.6798,20
88,26.6798,19
88,26.6798,19
88,26.6798,19
88,26.6798,19
88,26.6798,19
88,26.6798,20
88,26.6798,20
88,26.6798,18
88,26.6798,20
88,26.6798,19
88,26.6798,20
88,26.6798,21
88,26.6798,37
88,26.6798,20
88,26.6798,20
88,26.6798,23
88,26.6798,18
88,25.6917,21
88,25.6917,19
88,25.6917,19
88,25.6917,20
88,25.6917,19
88,25.6917,19
88,25.6917,19
88,25.6917,19
88,25.6917,20
88,25.6917,18
88,25.6917,20
88,25.6917,19
88,25.6917,23
88,26.6535,20
88,26.6535,20
88,26.6535,20
88,26.6535,20
88,26.6535,19
88,26.6535,20
88,26.6535,20
88,26.6535,20
88,26.6535,19
88,26.6535,20
88,26.6535,20
88,26.6535,18
88,26.6535,19
88,26.6535,20
88,26.6272,20
88,26.6272,21
88,26.6272,19
88,26.6272,20
88,26.6272,19
88,26.6272,20
88,26.6272,20
88,26.6272,19
88,26.6272,19
88,26.6272,20
88,26.6272,20
88,26.6272,20
88,26.6272,20
88,26.7062,20
88,26.7062,19
88,26.7062,19
88,26.7062,19
88,26.7062,20
88,26.7062,20
88,26.7062,20
88,26.7062,19
88,26.7062,20
88,26.7062,20
88,26.7062,20
88,26.7062,19
88,26.7062,22
88,26.7062,20
88,26.6798,19
88,26.6798,20
88,26.6798,19
88,26.6798,17
88,26.6798,20
88,26.6798,19
88,26.6798,20
88,26.6798,20
88,26.6798,19
88,26.6798,19
88,26.6798,19
88,26.6798,21
88,26.6798,18
88,26.6535,21
88,26.6535,20
88,26.6535,20
88,26.6535,21
88,26.6535,21
88,26.6535,20
88,26.6535,19
88,26.6535,19
88,26.6535,20
88,26.6535,19
88,26.6535,20
88,26.6535,19
88,26.6535,20
88,26.6535,20
88,26.6798,19
88,26.6798,19
88,26.6798,17
88,26.6798,20
88,26.6798,20
88,26.6798,20
88,26.6798,19
88,26.6798,19
88,26.6798,19
88,26.6798,19
88,26.6798,20
88,26.6798,20
88,26.6798,19
88,26.6798,21
88,26.6798,19
88,26.6798,19
88,26.6798,20
88,26.6798,19
88,26.6798,20
88,26.6798,20
88,26.6798,20
88,26.6798,20
88,26.6798,21
88,26.6798,20
88,26.6798,20
88,26.6798,20
88,26.6798,20
88,26.6535,18
88,26.6535,19
88,26.6535,20
88,26.6535,19
88,26.6535,20
88,26.6535,21
88,26.6535,20
88,26.6535,21
88,26.6535,20
88,26.6535,19
88,26.6535,19
88,26.6535,20
88,26.6535,20
88,26.7857,20
88,26.7857,19
88,26.7857,20
88,26.7857,19
88,26.7857,19
88,26.7857,20
88,26.7857,19
88,26.7857,22
88,26.7857,23
88,26.7857,21
88,26.7857,23
88,26.7857,19
88,26.7857,20
88,25.5906,20
88,25.5906,20
88,25.5906,19
88,25.5906,20
88,25.5906,19
88,25.5906,21
88,25.5906,20
88,25.5906,20
88,25.5906,20
88,25.5906,20
88,25.5906,21
88,25.5906,18
88,25.5906,19
88,25.5906,19
88,26.601,19
88,26.601,19
88,26.601,20
88,26.601,20
88,26.601,19
88,26.601,19
88,26.601,20
88,26.601,19
88,26.601,19
88,26.601,19
88,26.601,19
88,26.601,19
88,26.601,19
88,26.7327,21
88,26.7327,20
88,26.7327,20
88,26.7327,20
88,26.7327,19
88,26.7327,20
88,26.7327,19
88,26.7327,19
88,26.7327,20
88,26.7327,19
88,26.7327,21
88,26.7327,20
88,26.7327,21
88,26.7327,20
88,26.5487,19
88,26.5487,20
88,26.5487,19
88,26.5487,20
88,26.5487,19
88,26.5487,19
88,26.5487,20
88,26.5487,20
88,26.5487,20
88,26.5487,20
88,26.5487,20
88,26.5487,19
88,26.5487,20
88,26.6535,19
88,26.6535,20
88,26.6535,20
88,26.6535,19
88,26.6535,20
88,26.6535,21
88,26.6535,20
88,26.6535,20
88,26.6535,20
88,26.6535,20
88,26.6535,20
88,26.6535,18
88,26.6535,19
110,26.6535,24
110,25.3759,19
110,25.3759,20
110,25.3759,20
110,25.3759,19
110,25.3759,19
110,25.3759,20
110,25.3759,20
110,25.3759,21
110,25.3759,18
110,25.3759,19
110,25.3759,19
110,21.1946,21
110,21.1946,20
110,21.1946,21
110,21.1946,19
110,21.1946,20
110,21.1946,20
110,21.1946,19
110,21.1946,19
110,21.1946,20
110,21.1946,19
110,21.1946,20
110,21.2766,20
110,21.2766,20
110,21.2766,20
110,21.2766,37
110,21.2766,20
110,21.2766,20
110,21.2766,19
110,21.2766,20
110,21.2766,20
110,21.2766,19
110,21.2766,20
110,21.2766,19
110,21.2766,19
110,21.2766,19
110,21.2766,19
110,21.2766,19
110,21.2766,20
110,21.2766,21
110,21.2766,19
110,21.2766,19
110,21.2766,19
110,21.2766,19
110,21.2972,20
110,21.2972,20
110,21.2972,20
110,21.2972,19
110,21.2972,19
110,21.2972,19
110,21.2972,18
110,21.2972,20
110,21.2972,21
110,21.2972,20
110,20.4878,20
110,20.4878,20
110,20.4878,20
110,20.4878,20
110,20.4878,19
110,20.4878,21
110,20.4878,18
110,20.4878,24
110,20.4878,19
110,20.4878,19
110,20.4878,22
110,21.0124,19
110,21.0124,20
110,21.0124,19
110,21.0124,19
110,21.0124,20
110,21.0124,20
110,21.0124,20
110,21.0124,21
110,21.0124,20
110,21.0124,20
110,21.0124,20
110,21.2355,20
110,21.2355,20
110,21.2355,18
110,21.2355,18
110,21.2355,20
110,21.2355,19
110,21.2355,20
110,21.2355,19
110,21.2355,20
110,21.2355,27
110,21.2355,19
110,21.215,18
110,21.215,19
110,21.215,19
110,21.215,19
110,21.215,22
110,21.215,19
110,21.215,22
110,21.215,19
110,21.215,20
110,21.215,19
110,21.215,19
110,20.4678,18
110,20.4678,22
110,20.4678,18
110,20.4678,21
110,20.4678,20
110,20.4678,21
110,20.4678,19
110,20.4678,19
110,20.4678,19
110,20.4678,20
110,20.4678,20
110,21.0526,24
110,21.0526,20
110,21.0526,22
110,21.0526,20
110,21.0526,21
110,21.0526,20
110,21.0526,20
110,21.0526,20
110,21.0526,20
110,21.0526,23
110,21.0526,22
110,21.093,20
110,21.093,19
110,21.093,20
110,21.093,20
110,21.093,20
110,21.093,19
110,21.093,21
110,21.093,20
110,21.093,19
110,21.093,21
110,21.093,18
110,21.256,21
110,21.256,20
110,21.256,19
110,21.256,20
110,21.256,21
110,21.256,22
110,21.256,19
110,21.256,20
110,21.256,21
110,21.256,20
110,21.256,20
110,21.2972,20
110,21.2972,19
110,21.2972,19
110,21.2972,20
110,21.2972,21
110,21.2972,20
110,21.2972,20
110,21.2972,21
110,21.2972,20
110,21.2972,19
110,20.8955,23
110,20.8955,22
110,20.8955,25
110,20.8955,19
110,20.8955,19
110,20.8955,21
110,20.8955,19
110,20.8955,19
110,20.8955,19
110,20.8955,20
110,20.8955,19
110,20.2899,19
110,20.2899,20
110,20.2899,19
110,20.2899,20
110,20.2899,20
110,20.2899,19
110,20.2899,21
110,20.2899,20
110,20.2899,22
110,20.2899,20
110,20.2899,20
110,21.2355,20
110,21.2355,19
110,21.2355,19
110,21.2355,20
110,21.2355,19
110,21.2355,20
110,21.2355,20
110,21.2355,18
110,21.2355,20
110,21.2355,19
110,21.2355,20
110,21.256,19
110,21.256,20
110,21.256,19
110,21.256,19
110,21.256,20
110,21.256,19
110,21.256,21
110,21.256,19
110,21.256,19
110,21.256,19
110,21.256,20
110,21.3178,20
110,21.3178,19
110,21.3178,20
110,21.3178,20
110,21.3178,20
110,21.3178,19
110,21.3178,20
110,21.3178,20
110,21.3178,19
110,21.3178,20
110,21.3178,20
110,21.3385,20
110,21.3385,20
110,21.3385,19
110,21.3385,20
110,21.3385,21
110,21.3385,21
110,21.3385,19
110,21.3385,19
110,21.3385,20
110,21.3385,20
110,21.3385,19
110,21.256,20
110,21.256,21
110,21.256,19
110,21.256,19
110,21.256,21
110,21.256,22
110,21.256,20
110,21.256,19
110,21.256,19
110,21.256,20
110,21.256,20
110,21.2766,20
110,21.2766,20
110,21.2766,20
110,21.2766,20
110,21.2766,19
110,21.2766,20
110,21.2766,20
110,21.2766,19
110,21.2766,20
110,21.2766,21
110,21.2766,19
110,21.2972,21
110,21.2972,20
110,21.2972,20
110,21.2972,19
110,21.2972,19
110,21.2972,19
110,21.2972,19
110,21.2972,20
110,21.2972,20
110,21.2972,19
110,21.2972,20
110,21.2972,19
110,21.2972,20
110,21.2972,20
110,21.2972,19
110,21.2972,20
110,21.2972,19
110,21.2972,20
110,21.2972,23
110,21.2972,22
110,21.2972,20
110,20.5681,20
110,20.5681,21
110,20.5681,22
110,20.5681,19
110,20.5681,20
110,20.5681,19
110,20.5681,18
110,20.5681,22
110,20.5681,21
110,20.5681,20
110,20.5681,18
110,21.093,19
110,21.093,20
110,21.093,20
110,21.093,18
110,21.093,20
110,21.093,20
110,21.093,19
110,21.093,20
110,21.093,20
110,21.093,20
110,21.093,19
110,21.3178,21
110,21.3178,21
110,21.3178,20
110,21.3178,20
110,21.3178,20
110,21.3178,21
110,21.3178,18
110,21.3178,20
110,21.3178,23
110,21.3178,19
110,21.3178,19
110,20.9163,20
110,20.9163,20
110,20.9163,21
110,20.9163,19
110,20.9163,19
110,20.9163,20
110,20.9163,20
110,20.9163,21
110,20.9163,21
110,20.9163,19
110,20.9163,19
110,21.256,20
110,21.256,20
110,21.256,20
110,21.256,19
110,21.256,18
110,21.256,20
110,21.256,20
110,21.256,18
110,21.256,19
110,21.256,20
110,21.256,20
110,21.256,19
110,21.256,20
110,21.256,20
110,21.256,19
110,21.256,20
110,21.256,20
110,21.256,20
110,21.256,18
110,21.256,20
110,21.256,20
110,21.256,20
110,21.2972,20
110,21.2972,22
110,21.2972,19
110,21.2972,20
110,21.2972,19
110,21.2972,18
110,21.2972,18
110,21.2972,20
110,21.2972,20
110,21.2972,19
110,21.2972,21
110,21.2972,20
110,21.2972,19
110,21.2972,19
110,21.2972,21
110,21.2972,19
110,21.2972,19
110,21.2972,21
110,21.2972,18
110,21.2972,20
110,21.2972,19
110,21.2972,20
110,21.3385,22
110,21.3385,20
110,21.3385,20
110,21.3385,20
110,21.3385,20
110,21.3385,19
110,21.3385,19
110,21.3385,21
110,21.3385,20
110,21.3385,21
110,21.3385,19
110,21.256,19
110,21.256,19
110,21.256,20
110,21.256,22
110,21.256,20
110,21.256,19
110,21.256,19
110,21.256,21
110,21.256,20
110,21.256,19
110,20.428,19
110,20.428,21
110,20.428,19
110,20.428,19
110,20.428,20
110,20.428,20
110,20.428,19
110,20.428,20
110,20.428,19
110,20.428,19
110,20.428,19
110,21.256,20
110,21.256,20
110,21.256,19
110,21.256,20
110,21.256,19
110,21.256,19
110,21.256,19
110,21.256,19
110,21.256,21
110,21.256,19
110,21.256,19
110,21.3385,20
110,21.3385,19
110,21.3385,22
110,21.3385,20
110,21.3385,20
110,21.3385,20
110,21.3385,19
132,21.3385,25
132,21.3385,19
132,21.3385,20
132,19.6078,20
132,19.6078,21
132,19.6078,23
132,19.6078,22
132,19.6078,20
132,19.6078,20
132,19.6078,19
132,19.6078,20
132,19.6078,20
132,19.6078,19
132,18.1471,24
132,18.1471,22
132,18.1471,20
132,18.1471,19
132,18.1471,24
132,18.1471,20
132,18.1471,19
132,18.1471,21
132,18.1471,19
132,18.0095,20
132,18.0095,19
132,18.0095,19
132,18.0095,20
132,18.0095,19
132,18.0095,21
132,18.0095,19
132,18.0095,20
132,18.0095,18
132,18.0095,20
132,18.0608,20
132,18.0608,29
132,18.0608,21
132,18.0608,19
132,18.0608,20
132,18.0608,19
132,18.0608,20
132,18.0608,21
132,18.0608,26
132,18.1125,20
132,18.1125,19
132,18.1125,19
132,18.1125,20
132,18.1125,20
132,18.1125,19
132,18.1125,20
132,18.1125,19
132,18.1125,19
132,17.7866,19
132,17.7866,19
132,17.7866,21
132,17.7866,19
132,17.7866,20
132,17.7866,19
132,17.7866,19
132,17.7866,19
132,17.7866,18
132,17.7866,20
132,17.9924,19
132,17.9924,19
132,17.9924,20
132,17.9924,19
132,17.9924,19
132,17.9924,20
132,17.9924,19
132,17.9924,18
132,17.9924,20
132,17.3745,19
132,17.3745,20
132,17.3745,20
132,17.3745,20
132,17.3745,20
132,17.3745,20
132,17.3745,20
132,17.3745,20
132,17.3745,21
132,18.0437,19
132,18.0437,19
132,18.0437,19
132,18.0437,20
132,18.0437,20
132,18.0437,19
132,18.0437,19
132,18.0437,20
132,18.0437,21
132,18.0437,20
132,18.0437,20
132,18.0437,23
132,18.0437,20
132,18.0437,20
132,18.0437,20
132,18.0437,19
132,18.0437,22
132,18.0437,19
132,18.0437,20
132,18.078,19
132,18.078,19
132,18.078,21
132,18.078,19
132,18.078,20
132,18.078,20
132,18.078,32
132,18.078,19
132,18.078,20
132,18.078,20
132,18.1298,20
132,18.1298,19
132,18.1298,20
132,18.1298,20
132,18.1298,20
132,18.1298,23
132,18.1298,19
132,18.1298,19
132,18.1298,19
132,18.1298,21
132,18.1298,20
132,18.1298,23
132,18.1298,19
132,18.1298,20
132,18.1298,20
132,18.1298,19
132,18.1298,21
132,18.1298,19
132,18.1298,20
132,18.1471,20
132,18.1471,20
132,18.1471,20
132,18.1471,20
132,18.1471,33
132,18.1471,22
132,18.1471,23
132,18.1471,21
132,18.1471,19
132,18.1298,19
132,18.1298,19
132,18.1298,20
132,18.1298,19
132,18.1298,20
132,18.1298,20
132,18.1298,19
132,18.1298,19
132,18.1298,20
132,18.1298,19
132,18.1644,19
132,18.1644,20
132,18.1644,21
132,18.1644,21
132,18.1644,20
132,18.1644,19
132,18.1644,18
132,18.1644,21
132,18.1644,20
132,17.3578,20
132,17.3578,20
132,17.3578,20
132,17.3578,20
132,17.3578,20
132,17.3578,20
132,17.3578,19
132,17.3578,22
132,17.3578,19
132,18.0952,19
132,18.0952,19
132,18.0952,20
132,18.0952,18
132,18.0952,20
132,18.0952,20
132,18.0952,20
132,18.0952,20
132,18.0952,19
132,18.0952,19
132,18.1644,20
132,18.1644,19
132,18.1644,22
132,18.1644,19
132,18.1644,21
132,18.1644,18
132,18.1644,20
132,18.1644,19
132,18.1644,19
132,17.982,20
132,17.982,20
132,17.982,20
132,17.982,19
132,17.982,20
132,17.982,19
132,17.982,19
132,17.982,18
132,17.982,20
132,18.1298,19
132,18.1298,21
132,18.1298,21
132,18.1298,19
132,18.1298,20
132,18.1298,19
132,18.1298,20
132,18.1298,19
132,18.1298,20
132,18.1298,21
132,18.1298,20
132,18.1298,19
132,18.1298,19
132,18.1298,19
132,18.1298,19
132,18.1298,19
132,18.1298,20
132,18.1298,20
132,18.1298,20
132,18.1644,19
132,18.1644,19
132,18.1644,19
132,18.1644,27
132,18.1644,19
132,18.1644,20
132,18.1644,20
132,18.1644,20
132,18.1644,19
132,18.1644,20
132,18.1125,19
132,18.1125,20
132,18.1125,19
132,18.1125,21
132,18.1125,19
132,18.1125,19
132,18.1125,19
132,18.1125,19
132,18.1125,19
132,18.1298,19
132,18.1298,20
132,18.1298,19
132,18.1298,19
132,18.1298,20
132,18.1298,20
132,18.1298,19
132,18.1298,21
132,18.1298,21
132,18.1298,21
132,18.1471,19
132,18.1471,21
132,18.1471,20
132,18.1471,19
132,18.1471,22
132,18.1471,20
132,18.1471,19
132,18.1471,21
132,18.1471,21
132,17.3578,17
132,17.3578,19
132,17.3578,19
132,17.3578,19
132,17.3578,19
132,17.3578,19
132,17.3578,19
132,17.3578,20
132,17.3578,19
132,18.078,20
132,18.078,19
132,18.078,20
132,18.078,19
132,18.078,20
132,18.078,20
132,18.078,21
132,18.078,20
132,18.078,19
132,18.078,20
132,18.1125,19
132,18.1125,18
132,18.1125,22
132,18.1125,19
132,18.1125,19
132,18.1125,20
132,18.1125,19
132,18.1125,20
132,18.1125,21
132,18.1125,20
132,18.1125,19
132,18.1125,20
132,18.1125,20
132,18.1125,20
132,18.1125,20
132,18.1125,19
132,18.1125,20
132,18.1125,19
132,18.1125,19
132,18.078,21
132,18.078,19
132,18.078,19
132,18.078,22
132,18.078,20
132,18.078,19
132,18.078,19
132,18.078,20
132,18.078,21
132,17.8739,21
132,17.8739,24
132,17.8739,19
132,17.8739,20
132,17.8739,20
132,17.8739,19
132,17.8739,20
132,17.8739,19
132,17.8739,19
132,17.2745,19
132,17.2745,19
132,17.2745,18
132,17.2745,20
132,17.2745,20
132,17.2745,22
132,17.2745,20
132,17.2745,20
132,17.2745,19
132,17.2745,20
132,18.0095,19
132,18.0095,19
132,18.0095,19
132,18.0095,21
132,18.0095,18
132,18.0095,20
132,18.0095,20
132,18.0095,20
132,18.0095,19
132,18.1125,19
132,18.1125,21
132,18.1125,20
132,18.1125,21
132,18.1125,20
132,18.1125,20
132,18.1125,19
132,18.1125,21
132,18.1125,19
132,17.3077,19
132,17.3077,19
132,17.3077,21
132,17.3077,19
132,17.3077,19
132,17.3077,19
132,17.3077,19
132,17.3077,21
132,17.3077,19
132,17.3077,24
132,18.078,21
132,18.078,20
132,18.078,21
132,18.078,20
132,18.078,20
132,18.078,19
132,18.078,20
132,18.078,21
132,18.078,20
132,18.0437,19
132,18.0437,20
132,18.0437,19
132,18.0437,21
132,18.0437,20
132,18.0437,19
132,18.0437,20
132,18.0437,20
132,18.0437,20
132,18.0437,20
132,18.0437,21
132,18.0437,23
132,18.0437,20
132,18.0437,20
132,18.0437,20
132,18.0437,22
132,18.0437,19
132,18.0437,20
132,18.0437,18
132,18.1471,18
132,18.1471,21
132,18.1471,20
132,18.1471,20
132,18.1471,19
132,18.1471,20
132,18.1471,20
132,18.1471,20
132,18.1471,25
132,18.1471,20
132,18.0095,19
132,18.0095,19
132,18.0095,20
132,18.0095,20
132,18.0095,20
132,18.0095,19
132,18.0095,19
132,18.0095,20
132,18.0095,21
132,17.9462,25
132,17.9462,19
132,17.9462,20
132,17.9462,19
132,17.9462,19
132,17.9462,19
132,17.9462,19
132,17.9462,20
132,17.9462,19
132,18.078,20
132,18.078,20
154,18.078,29
154,18.078,21
154,18.078,19
154,18.078,20
154,18.078,21
154,18.078,19
154,14.9105,19
154,14.9105,20
154,14.9105,26
154,14.9105,19
154,14.9105,21
154,14.9105,19
154,14.9105,20
154,14.9105,20
154,15.534,21
154,15.534,21
154,15.534,19
154,15.534,19
154,15.534,19
154,15.534,20
154,15.534,19
154,14.7783,19
154,14.7783,20
154,14.7783,19
154,14.7783,20
154,14.7783,19
154,14.7783,19
154,14.7783,20
154,14.7783,19
154,15.3551,20
154,15.3551,19
154,15.3551,20
154,15.3551,20
154,15.3551,22
154,15.3551,20
154,15.3551,20
154,15.3551,19
154,15.4889,20
154,15.4889,19
154,15.4889,19
154,15.4889,19
154,15.4889,20
154,15.4889,20
154,15.4889,20
154,15.4889,19
154,15.3257,20
154,15.3257,20
154,15.3257,26
154,15.3257,19
154,15.3257,19
154,15.3257,20
154,15.3257,20
154,15.3257,20
154,15.444,19
154,15.444,19
154,15.444,20
154,15.444,20
154,15.444,20
154,15.444,18
154,15.444,20
154,15.444,19
154,15.4589,20
154,15.4589,20
154,15.4589,19
154,15.4589,21
154,15.4589,22
154,15.4589,19
154,15.4589,20
154,15.4589,22
154,15.4889,20
154,15.4889,19
154,15.4889,19
154,15.4889,20
154,15.4889,19
154,15.4889,19
154,15.4889,19
154,15.4889,20
154,15.5189,21
154,15.5189,19
154,15.5189,20
154,15.5189,20
154,15.5189,19
154,15.5189,19
154,15.5189,20
154,15.5189,20
154,15.4589,20
154,15.4589,30
154,15.4589,18
154,15.4589,21
154,15.4589,21
154,15.4589,22
154,15.4589,22
154,15.4589,20
154,15.2526,19
154,15.2526,20
154,15.2526,20
154,15.2526,19
154,15.2526,18
154,15.2526,21
154,15.2526,18
154,15.2526,19
154,15.0517,21
154,15.0517,20
154,15.0517,19
154,15.0517,21
154,15.0517,20
154,15.0517,33
154,15.0517,21
154,15.0517,19
154,15.4739,19
154,15.4739,21
154,15.4739,20
154,15.4739,20
154,15.4739,21
154,15.4739,20
154,15.4739,19
154,15.4739,19
154,15.4889,19
154,15.4889,23
154,15.4889,19
154,15.4889,20
154,15.4889,20
154,15.4889,20
154,15.4889,21
154,15.4889,19
154,15.5039,19
154,15.5039,19
154,15.5039,19
154,15.5039,20
154,15.5039,19
154,15.5039,19
154,15.5039,20
154,15.5039,18
154,15.4889,19
154,15.4889,20
154,15.4889,17
154,15.4889,20
154,15.4889,19
154,15.4889,19
154,15.4889,21
154,15.4889,20
154,15.4739,20
154,15.4739,20
154,15.4739,19
154,15.4739,18
154,15.4739,20
154,15.4739,19
154,15.4739,22
154,15.4739,19
154,15.4739,20
154,15.4739,27
154,15.4739,20
154,15.4739,19
154,15.4739,18
154,15.4739,19
154,15.4739,19
154,15.4739,30
154,15.4143,18
154,15.4143,21
154,15.4143,21
154,15.4143,20
154,15.4143,18
154,15.4143,18
154,15.4143,19
154,15.4143,19
154,15.4889,19
154,15.4889,19
154,15.4889,19
154,15.4889,19
154,15.4889,19
154,15.4889,21
154,15.4889,24
154,15.4889,19
154,14.8368,20
154,14.8368,20
154,14.8368,19
154,14.8368,22
154,14.8368,20
154,14.8368,22
154,14.8368,20
154,14.8368,19
154,15.5039,20
154,15.5039,18
154,15.5039,19
154,15.5039,19
154,15.5039,20
154,15.5039,21
154,15.5039,20
154,15.5039,37
154,15.534,20
154,15.534,21
154,15.534,20
154,15.534,20
154,15.534,20
154,15.534,19
154,15.534,23
154,15.534,18
154,15.5189,20
154,15.5189,19
154,15.5189,18
154,15.5189,19
154,15.5189,18
154,15.5189,20
154,15.5189,19
154,15.5189,19
154,15.5039,20
154,15.5039,20
154,15.5039,19
154,15.5039,18
154,15.5039,20
154,15.5039,20
154,15.5039,21
154,15.5039,20
154,15.534,19
154,15.534,20
154,15.534,21
154,15.534,19
154,15.534,27
154,15.534,20
154,15.534,19
154,15.534,19
154,15.5189,21
154,15.5189,19
154,15.5189,21
154,15.5189,21
154,15.5189,20
154,15.5189,19
154,15.5189,20
154,15.5189,19
154,15.5039,20
154,15.5039,20
154,15.5039,20
154,15.5039,19
154,15.5039,19
154,15.5039,19
154,15.5039,19
154,15.5039,21
154,15.534,19
154,15.534,19
154,15.534,21
154,15.534,21
154,15.534,20
154,15.534,19
154,15.534,19
154,15.534,21
154,15.534,19
154,15.534,18
154,15.534,23
154,15.534,20
154,15.534,19
154,15.534,20
154,15.534,20
154,14.8662,19
154,14.8662,19
154,14.8662,18
154,14.8662,20
154,14.8662,20
154,14.8662,20
154,14.8662,20
154,14.8662,19
154,15.4889,20
154,15.4889,20
154,15.4889,20
154,15.4889,35
154,15.4889,19
154,15.4889,20
154,15.4889,19
154,15.4889,19
154,15.5039,21
154,15.5039,19
154,15.5039,20
154,15.5039,19
154,15.5039,21
154,15.5039,20
154,15.5039,20
154,15.5039,19
154,15.3846,20
154,15.3846,19
154,15.3846,19
154,15.3846,19
154,15.3846,19
154,15.3846,19
154,15.3846,22
154,15.3846,19
154,15.4291,19
154,15.4291,19
154,15.4291,20
154,15.4291,19
154,15.4291,20
154,15.4291,21
154,15.4291,20
154,15.4291,21
154,15.2672,20
154,15.2672,19
154,15.2672,19
154,15.2672,20
154,15.2672,19
154,15.2672,20
154,15.2672,19
154,15.2672,19
154,15.444,21
154,15.444,20
154,15.444,19
154,15.444,21
154,15.444,20
154,15.444,18
154,15.444,19
154,15.444,20
154,15.4739,19
154,15.4739,20
154,15.4739,20
154,15.4739,20
154,15.4739,20
154,15.4739,20
154,15.4739,20
154,15.4739,20
154,15.444,20
154,15.444,20
154,15.444,18
154,15.444,21
154,15.444,19
154,15.444,19
154,15.444,20
154,15.444,20
154,15.3846,28
154,15.3846,25
154,15.3846,19
154,15.3846,20
154,15.3846,20
154,15.3846,20
154,15.3846,19
154,15.3846,19
154,14.8957,19
154,14.8957,19
154,14.8957,20
154,14.8957,20
154,14.8957,19
154,14.8957,21
154,14.8957,36
154,14.8957,19
154,15.4291,20
154,15.4291,20
154,15.4291,19
154,15.4291,20
154,15.4291,19
154,15.4291,19
154,15.4291,20
154,15.4291,21
154,15.5189,19
154,15.5189,18
154,15.5189,20
154,15.5189,21
154,15.5189,21
154,15.5189,19
154,15.5189,19
154,15.5189,19
154,15.5189,20
154,15.5189,19
154,15.5189,20
154,15.5189,20
154,15.5189,19
154,15.5189,19
154,15.5189,20
154,15.5189,22
154,15.4589,20
154,15.4589,19
154,15.4589,20
154,15.4589,20
154,15.4589,19
154,15.4589,20
154,15.4589,19
154,15.4589,20
154,15.3846,21
154,15.3846,20
154,15.3846,21
154,15.3846,19
154,15.3846,20
154,15.3846,37
154,15.3846,20
154,14.5349,19
154,14.5349,29
154,14.5349,21
154,14.5349,19
154,14.5349,30
154,14.5349,20
154,14.5349,20
154,14.5349,18
154,15.0943,19
154,15.0943,20
154,15.0943,20
154,15.0943,19
154,15.0943,19
154,15.0943,20
154,15.0943,21
154,15.0943,21
154,15.1515,18
154,15.1515,21
154,15.1515,20
154,15.1515,19
154,15.1515,20
176,15.1515,25
176,15.1515,20
176,13.2953,19
176,13.2953,20
176,13.2953,33
176,13.2953,19
176,13.2953,19
176,13.2953,20
176,13.2953,19
176,13.4228,20
176,13.4228,28
176,13.4228,21
176,13.4228,20
176,13.4228,20
176,13.4228,20
176,13.4228,21
176,13.4615,20
176,13.4615,19
176,13.4615,19
176,13.4615,20
176,13.4615,20
176,13.4615,19
176,13.4615,20
176,13.5005,19
176,13.5005,20
176,13.5005,18
176,13.5005,19
176,13.5005,19
176,13.5005,20
176,13.5005,17
176,13.4357,20
176,13.4357,19
176,13.4357,19
176,13.4357,19
176,13.4357,20
176,13.4357,18
176,13.4357,19
176,13.41,20
176,13.41,20
176,13.41,20
176,13.41,19
176,13.41,22
176,13.41,19
176,13.41,19
176,13.3971,20
176,13.3971,19
176,13.3971,19
176,13.3971,19
176,13.3971,20
176,13.3971,18
176,13.3971,19
176,13.4486,18
176,13.4486,19
176,13.4486,20
176,13.4486,21
176,13.4486,21
176,13.4486,20
176,13.4486,19
176,13.4615,19
176,13.4615,21
176,13.4615,20
176,13.4615,19
176,13.4615,20
176,13.4615,19
176,13.4615,19
176,13.4486,21
176,13.4486,19
176,13.4486,25
176,13.4486,18
176,13.4486,19
176,13.4486,19
176,13.4486,20
176,12.884,20
176,12.884,20
176,12.884,21
176,12.884,23
176,12.884,21
176,12.884,20
176,12.884,19
176,13.4486,20
176,13.4486,19
176,13.4486,19
176,13.4486,20
176,13.4486,20
176,13.4486,20
176,13.4486,20
176,13.5005,19
176,13.5005,20
176,13.5005,22
176,13.5005,19
176,13.5005,19
176,13.5005,23
176,13.5005,19
176,13.3206,19
176,13.3206,21
176,13.3206,20
176,13.3206,19
176,13.3206,19
176,13.3206,20
176,13.3206,20
176,13.4615,20
176,13.4615,19
176,13.4615,21
176,13.4615,21
176,13.4615,20
176,13.4615,19
176,13.4615,19
176,13.3715,20
176,13.3715,20
176,13.3715,20
176,13.3715,20
176,13.3715,20
176,13.3715,20
176,13.3715,19
176,13.4745,19
176,13.4745,19
176,13.4745,18
176,13.4745,19
176,13.4745,20
176,13.4745,20
176,13.4745,19
176,13.4615,22
176,13.4615,19
176,13.4615,19
176,13.4615,19
176,13.4615,20
176,13.4615,20
176,13.4615,19
176,13.4745,19
176,13.4745,19
176,13.4745,20
176,13.4745,21
176,13.4745,19
176,13.4745,19
176,13.4745,19
176,13.0597,22
176,13.0597,19
176,13.0597,19
176,13.0597,20
176,13.0597,19
176,13.0597,20
176,13.0597,20
176,13.3206,20
176,13.3206,19
176,13.3206,20
176,13.3206,19
176,13.3206,21
176,13.3206,20
176,13.3206,20
176,13.4357,20
176,13.4357,19
176,13.4357,20
176,13.4357,20
176,13.4357,20
176,13.4357,20
176,13.4357,19
176,13.4615,19
176,13.4615,19
176,13.4615,20
176,13.4615,19
176,13.4615,20
176,13.4615,19
176,13.4615,20
176,13.3971,21
176,13.3971,20
176,13.3971,18
176,13.3971,19
176,13.3971,21
176,13.3971,20
176,13.3971,20
176,13.4357,19
176,13.4357,21
176,13.4357,20
176,13.4357,18
176,13.4357,18
176,13.4357,20
176,13.4357,20
176,13.4615,20
176,13.4615,20
176,13.4615,19
176,13.4615,20
176,13.4615,19
176,13.4615,20
176,13.4615,20
176,13.4875,21
176,13.4875,20
176,13.4875,19
176,13.4875,19
176,13.4875,20
176,13.4875,19
176,13.4875,19
176,13.4615,19
176,13.4615,21
176,13.4615,20
176,13.4615,20
176,13.4615,21
176,13.4615,22
176,13.4615,20
176,13.4357,20
176,13.4357,20
176,13.4357,19
176,13.4357,19
176,13.4357,19
176,13.4357,20
176,12.8586,20
176,12.8586,21
176,12.8586,20
176,12.8586,20
176,12.8586,19
176,12.8586,23
176,12.8586,19
176,13.3971,19
176,13.3971,18
176,13.3971,18
176,13.3971,20
176,13.3971,20
176,13.3971,19
176,13.3971,20
176,13.4875,20
176,13.4875,22
176,13.4875,19
176,13.4875,20
176,13.4875,20
176,13.4875,19
176,13.4875,20
176,13.3333,20
176,13.3333,20
176,13.3333,21
176,13.3333,19
176,13.3333,20
176,13.3333,19
176,13.3333,21
176,13.4486,20
176,13.4486,20
176,13.4486,19
176,13.4486,19
176,13.4486,20
176,13.4486,20
176,13.4486,19
176,13.4615,20
176,13.4615,20
176,13.4615,20
176,13.4615,19
176,13.4615,20
176,13.4615,22
176,13.4615,20
176,13.4875,18
176,13.4875,20
176,13.4875,20
176,13.4875,20
176,13.4875,24
176,13.4875,20
176,13.4875,20
176,13.5005,18
176,13.5005,20
176,13.5005,19
176,13.5005,20
176,13.5005,20
176,13.5005,20
176,13.5005,20
176,13.4875,25
176,13.4875,20
176,13.4875,19
176,13.4875,20
176,13.4875,20
176,13.4875,21
176,13.4875,19
176,13.4615,20
176,13.4615,21
176,13.4615,19
176,13.4615,19
176,13.4615,19
176,13.4615,19
176,13.4615,21
176,12.7827,19
176,12.7827,19
176,12.7827,19
176,12.7827,20
176,12.7827,19
176,12.7827,20
176,12.7827,23
176,13.4615,20
176,13.4615,20
176,13.4615,20
176,13.4615,20
176,13.4615,20
176,13.4615,19
176,13.4615,19
176,13.5005,21
176,13.5005,19
176,13.5005,18
176,13.5005,20
176,13.5005,20
176,13.5005,20
176,13.5005,20
176,13.2701,18
176,13.2701,20
176,13.2701,20
176,13.2701,18
176,13.2701,19
176,13.2701,20
176,13.2701,22
176,13.5005,20
176,13.5005,20
176,13.5005,19
176,13.5005,19
176,13.5005,19
176,13.5005,20
176,13.5005,20
176,13.4357,21
176,13.4357,20
176,13.4357,20
176,13.4357,20
176,13.4357,19
176,13.4357,19
176,13.4357,20
176,13.4875,19
176,13.4875,19
176,13.4875,19
176,13.4875,20
176,13.4875,19
176,13.4875,21
176,13.4875,19
176,13.3971,21
176,13.3971,20
176,13.3971,21
176,13.3971,18
176,13.3971,20
176,13.3971,19
176,13.3971,21
176,13.4357,20
176,13.4357,19
176,13.4357,19
176,13.4357,20
176,13.4357,19
176,13.4357,20
176,12.9096,19
176,12.9096,20
176,12.9096,19
176,12.9096,20
176,12.9096,21
176,12.9096,20
176,12.9096,19
176,13.3843,19
176,13.3843,20
176,13.3843,20
176,13.3843,21
176,13.3843,20
176,13.3843,19
176,13.3843,19
176,13.4615,19
176,13.4615,19
176,13.4615,19
176,13.4615,18
176,13.4615,21
176,13.4615,21
176,13.4615,20
176,13.5005,18
176,13.5005,20
176,13.5005,19
176,13.5005,19
176,13.5005,20
176,13.5005,19
176,13.5005,19
176,13.4615,21
176,13.4615,20
176,13.4615,20
176,13.4615,20
176,13.4615,20
176,13.4615,19
176,13.4615,20
176,13.4875,20
176,13.4875,20
176,13.4875,20
176,13.4875,21
176,13.4875,19
176,13.4875,24
176,13.4875,20
176,13.4357,20
176,13.4357,19
176,13.4357,19
176,13.4357,20
176,13.4357,19
176,13.4357,19
176,13.4357,19
176,13.4228,20
176,13.4228,19
176,13.4228,19
176,13.4228,19
176,13.4228,19
176,13.4228,20
176,13.4228,19
176,13.4486,19
176,13.4486,20
176,13.4486,21
176,13.4486,19
176,13.4486,23
176,13.4486,21
176,13.4486,21
176,13.4615,19
176,13.4615,19
176,13.4615,20
176,13.4615,20
176,13.4615,20
176,13.4615,20
176,13.4615,21
176,12.8079,19
176,12.8079,19
176,12.8079,19
176,12.8079,19
176,12.8079,20
176,12.8079,19
176,12.8079,19
176,13.3843,20
176,13.3843,18
176,13.3843,20
176,13.3843,21
176,13.3843,18
176,13.3843,20
176,13.3843,20
176,13.41,20
176,13.41,20
176,13.41,20
176,13.41,20
176,13.41,19
176,13.41,20
176,13.41,20
176,13.4486,19
176,13.4486,19
176,13.4486,19
176,13.4486,20
176,13.4486,20
176,13.4486,21
176,13.4486,20
176,13.4745,20
176,13.4745,19
176,13.4745,19
176,13.4745,18
176,13.4745,20
176,13.4745,18
176,13.4745,20
176,13.4357,20
176,13.4357,21
176,13.4357,20
176,13.4357,19
176,13.4357,20
176,13.4357,20
176,13.4357,19
176,13.22,20
176,13.22,24
176,13.22,21
176,13.22,20
176,13.22,20
176,13.22,20
176,13.22,20
176,13.3971,21
176,13.3971,19
176,13.3971,21
176,13.3971,19
176,13.3971,20
176,13.3971,20
176,13.3971,20
176,13.3588,19
176,13.3588,19
176,13.3588,20
176,13.3588,22
176,13.3588,20
176,13.3588,19
176,13.3588,18
176,13.0841,20
176,13.0841,19
176,13.0841,19
176,13.0841,20
176,13.0841,21
176,13.0841,19
176,13.0841,20
176,13.2576,19
176,13.2576,20
176,13.2576,19
176,13.2576,21
176,13.2576,21
176,13.2576,22
176,12.4402,25
176,12.4402,22
176,12.4402,20
176,12.4402,21
176,12.4402,20
176,12.4402,19
176,12.4402,19
176,12.939,19
176,12.939,21
176,12.939,22
176,12.939,19
176,12.939,20
176,12.939,20
176,12.939,18
176,13.4875,19
176,13.4875,20
176,13.4875,20
176,13.4875,21
176,13.4875,20
176,13.4875,21
176,13.4875,21
176,13.4745,21
176,13.4745,21
176,13.4745,21
176,13.4745,21
176,13.4745,22
176,13.4745,20
176,13.4745,21
176,13.4745,20
176,13.4745,20
176,13.4745,20
176,13.4745,20
176,13.4745,20
176,13.4745,19
176,13.4745,21
176,13.4615,19
176,13.4615,20
176,13.4615,18
176,13.4615,20
176,13.4615,20
176,13.4615,21
176,13.4615,21
176,13.4745,20
176,13.4745,21
176,13.4745,21
176,13.4745,20
176,13.4745,20
176,13.4745,21
176,13.4745,21
176,13.3843,21
176,13.3843,20
176,13.3843,19
176,13.3843,19
176,13.3843,20
176,13.3843,18
176,13.3843,19
176,12.9096,20
176,12.9096,19
176,12.9096,21
176,12.9096,21
176,12.9096,25
176,12.9096,20
176,12.9096,18
176,13.4486,19
176,13.4486,18
176,13.4486,20
176,13.4486,20
176,13.4486,19
176,13.4486,21
176,13.4486,20
176,13.4486,20
176,13.4486,21
176,13.4486,21
176,13.4486,21
176,13.4486,19
176,13.4486,19
176,13.4486,20
176,13.4875,20
176,13.4875,20
176,13.4875,21
176,13.4875,20
176,13.4875,19
176,13.4875,21
176,13.4875,21
176,13.4228,21
176,13.4228,20
176,13.4228,19
176,13.4228,20
176,13.4228,20
176,13.4228,20
176,13.4228,21
176,13.4615,20
176,13.4615,21
176,13.4615,22
176,13.4615,22
176,13.4615,21
176,13.4615,20
176,13.4615,21
176,13.4486,23
176,13.4486,20
176,13.4486,21
176,13.4486,20
176,13.4486,20
176,13.4486,20
176,13.4486,19
176,13.4745,20
176,13.4745,20
176,13.4745,20
176,13.4745,20
176,13.4745,20
176,13.4745,21
176,13.4745,20
176,13.4615,21
176,13.4615,23
176,13.4615,19
176,13.4615,20
176,13.4615,21
176,13.4615,20
176,13.4615,20
176,13.4357,19
176,13.4357,20
176,13.4357,21
176,13.4357,22
176,13.4357,20
176,13.4357,20
176,12.8968,19
176,12.8968,19
176,12.8968,20
176,12.8968,22
176,12.8968,21
176,12.8968,21
176,12.8968,20
176,13.4228,20
176,13.4228,22
176,13.4228,20
176,13.4228,21
176,13.4228,19
176,13.4228,20
176,13.4228,22
176,13.4615,26
176,13.4615,21
176,13.4615,19
176,13.4615,19
176,13.4615,21
176,13.4615,22
176,13.4615,19
176,13.4745,21
176,13.4745,20
176,13.4745,20
176,13.4745,21
176,13.4745,22
176,13.4745,20
176,13.4745,21
176,13.4615,19
176,13.4615,22
176,13.4615,20
176,13.4615,20
176,13.4615,20
176,13.4615,20
176,13.4615,20
176,13.3588,20
176,13.3588,19
176,13.3588,21
176,13.3588,21
176,13.3588,20
176,13.3588,21
176,13.3588,21
176,13.5005,21
176,13.5005,19
176,13.5005,22
176,13.5005,19
176,13.5005,19
176,13.5005,19
176,13.5005,20
176,13.4745,20
176,13.4745,21
176,13.4745,20
176,13.4745,20
176,13.4745,19
176,13.4745,20
176,13.4745,19
176,13.4745,20
176,13.4745,20
176,13.4745,20
176,13.4745,20
176,13.4745,23
176,13.4745,21
176,11.5942,22
176,11.5942,57
176,11.5942,39
176,11.5942,24
176,11.5942,23
176,8.27206,22
176,8.27206,23
176,8.27206,26
176,8.27206,40
176,8.27206,20
176,9.82318,19
176,9.82318,20
176,9.82318,22
176,9.82318,21
176,9.82318,20
176,9.82318,20
176,9.82318,20
176,13.1951,20
176,13.1951,20
176,13.1951,22
176,13.1951,23
176,13.1951,22
176,13.1951,22
176,13.1951,20
176,13.2576,22
176,13.2576,62
176,13.2576,19
176,13.2576,21
176,13.2576,20
176,13.2576,21
176,13.2576,21
176,13.4228,20
176,13.4228,22
176,13.4228,21
176,13.4228,21
176,13.4228,21
176,13.4228,22
176,13.4228,19
176,13.3715,21
176,13.3715,21
176,13.3715,21
176,13.3715,21
176,13.3715,21
176,13.3715,18
176,13.3715,21
176,13.4357,21
176,13.4357,21
176,13.4357,21
176,13.4357,18
176,13.4357,21
176,13.4357,20
176,13.4357,20
176,13.4745,22
176,13.4745,20
176,13.4745,20
176,13.4745,20
176,13.4745,20
176,13.4745,19
176,13.4745,22
176,13.5005,19
176,13.5005,21
176,13.5005,19
176,13.5005,21
176,13.5005,21
176,13.5005,21
176,12.9611,20
176,12.9611,21
176,12.9611,21
176,12.9611,20
176,12.9611,21
176,12.9611,19
176,12.9611,21
176,13.41,20
176,13.41,21
176,13.41,24
176,13.41,20
176,13.41,20
176,13.41,20
176,13.41,21
176,13.3588,19
176,13.3588,19
176,13.3588,20
176,13.3588,20
176,13.3588,22
176,13.3588,22
176,13.3588,20
176,13.4486,20
176,13.4486,21
176,13.4486,21
176,13.4486,21
176,13.4486,20
176,13.4486,21
176,13.4486,19
176,13.3971,20
176,13.3971,21
176,13.3971,21
176,13.3971,20
176,13.3971,21
176,13.3971,21
176,13.3971,21
176,13.4745,20
176,13.4745,21
176,13.4745,21
176,13.4745,21
176,13.4745,26
176,13.4745,22
176,13.4745,21
176,13.4875,23
176,13.4875,22
176,13.4875,20
176,13.4875,21
176,13.4875,21
176,13.4875,22
176,13.4875,20
176,13.4875,20
176,13.4875,20
176,13.4875,20
176,13.4875,21
176,13.4875,19
176,13.4875,19
176,13.4875,20
176,13.4875,21
176,13.4875,21
176,13.4875,20
176,13.4875,20
176,13.4875,19
176,13.4875,20
176,13.4875,21
176,13.1579,20
176,13.1579,21
176,13.1579,21
176,13.1579,20
176,13.1579,22
176,13.1579,20
176,13.1579,21
176,13.1455,19
176,13.1455,22
176,13.1455,21
176,13.1455,21
176,13.1455,20
176,13.1455,23
176,13.1455,22
176,13.4357,20
176,13.4357,19
176,13.4357,19
176,13.4357,21
176,13.4357,19
176,13.4357,20
176,13.4357,20
176,13.4615,20
176,13.4615,22
176,13.4615,21
176,13.4615,20
176,13.4615,20
176,13.4615,21
176,13.4615,20
176,13.4228,21
176,13.4228,20
176,13.4228,20
176,13.4228,20
176,13.4228,20
176,13.4228,20
176,13.4228,19
176,13.4486,21
176,13.4486,20
176,13.4486,22
176,13.4486,21
176,13.4486,20
176,13.4486,21
176,13.4486,21
176,13.4875,20
176,13.4875,21
176,13.4875,21
176,13.4875,19
176,13.4875,21
176,13.4875,20
176,13.4875,20
176,13.4615,20
176,13.4615,21
176,13.4615,19
176,13.4615,20
176,13.4615,20
176,13.4615,20
176,13.4615,21
176,13.4745,20
176,13.4745,21
176,13.4745,21
176,13.4745,19
176,13.4745,21
176,13.4745,20
176,13.4745,19
176,13.5135,20
176,13.5135,24
176,13.5135,21
176,13.5135,19
176,13.5135,20
176,13.5135,19
176,13.5135,20
176,12.8458,20
176,12.8458,20
176,12.8458,19
176,12.8458,22
176,12.8458,20
176,12.8458,21
176,12.8458,21
176,13.4228,20
176,13.4228,19
176,13.4228,20
176,13.4228,19
176,13.4228,21
176,13.4228,20
176,13.4228,18
176,13.5005,19
176,13.5005,20
176,13.5005,22
176,13.5005,19
176,13.5005,21
176,13.5005,23
176,13.5005,19
176,13.3588,21
176,13.3588,21
176,13.3588,20
176,13.3588,20
176,13.3588,21
176,13.3588,20
176,13.3588,21
176,13.4357,20
176,13.4357,19
176,13.4357,20
176,13.4357,21
176,13.4357,19
176,13.4357,21
176,13.4357,18
176,13.4486,21
176,13.4486,20
176,13.4486,20
176,13.4486,24
176,13.4486,20
176,13.4486,20
176,13.4486,22
176,13.3715,20
176,13.3715,18
176,13.3715,21
176,13.3715,20
176,13.3715,20
176,13.3715,20
176,13.3715,20
176,13.0597,20
176,13.0597,19
176,13.0597,18
176,13.0597,21
176,13.0597,21
176,13.0597,20
176,13.0597,21
176,13.4615,19
176,13.4615,20
176,13.4615,20
176,13.4615,19
176,13.4615,20
176,13.4615,20
176,13.4615,21
176,13.4615,21
176,13.4615,19
176,13.4615,20
176,13.4615,21
176,13.4615,21
176,13.4615,20
176,12.7953,22
176,12.7953,19
176,12.7953,20
176,12.7953,20
176,12.7953,20
176,12.7953,21
176,12.7953,21
176,13.4615,20
176,13.4615,20
176,13.4615,20
176,13.4615,22
176,13.4615,20
176,13.4615,21
176,13.4615,21
176,13.3843,21
176,13.3843,20
176,13.3843,20
176,13.3843,20
176,13.3843,20
176,13.3843,19
176,13.3843,19
176,13.5005,20
176,13.5005,21
176,13.5005,20
176,13.5005,20
176,13.5005,19
176,13.5005,21
176,13.5005,20
176,13.4486,21
176,13.4486,19
176,13.4486,21
176,13.4486,21
176,13.4486,20
176,13.4486,21
176,13.4486,21
176,13.308,20
176,13.308,20
176,13.308,19
176,13.308,20
176,13.308,20
176,13.308,19
176,13.308,21
176,13.3843,20
176,13.3843,19
176,13.3843,22
176,13.3843,20
176,13.3843,20
176,13.3843,20
176,13.3843,21
176,13.3971,21
176,13.3971,21
176,13.3971,21
176,13.3971,20
176,13.3971,20
176,13.3971,21
176,13.3971,21
176,13.4357,19
176,13.4357,20
176,13.4357,19
176,13.4357,20
176,13.4357,20
176,13.4357,21
176,13.4357,23
176,12.8968,20
176,12.8968,20
176,12.8968,22
176,12.8968,19
176,12.8968,20
176,12.8968,20
176,12.8968,21
176,13.4228,20
176,13.4228,19
176,13.4228,20
176,13.4228,21
176,13.4228,21
176,13.4228,25
176,13.4228,21
176,13.4875,20
176,13.4875,20
176,13.4875,20
176,13.4875,19
176,13.4875,21
176,13.4875,21
176,13.4875,21
176,13.3843,21
176,13.3843,24
176,13.3843,19
176,13.3843,20
176,13.3843,19
176,13.3843,21
176,13.3843,19
176,13.4228,20
176,13.4228,21
176,13.4228,20
176,13.4228,21
176,13.4228,21
176,13.4228,21
176,13.4228,20
176,13.4486,22
176,13.4486,20
176,13.4486,20
176,13.4486,22
176,13.4486,20
176,13.4486,19
176,13.4486,21
176,13.4875,21
176,13.4875,20
176,13.4875,20
176,13.4875,21
176,13.4875,21
176,13.4875,19
176,13.4875,21
176,13.4875,21
176,13.4875,19
176,13.4875,21
176,13.4875,19
176,13.4875,20
176,13.4875,19
176,13.4875,20
176,13.4486,20
176,13.4486,19
176,13.4486,21
176,13.4486,21
176,13.4486,19
176,13.4486,20
176,13.4486,20
176,13.4615,20
176,13.4615,21
176,13.4615,19
176,13.4615,22
176,13.4615,20
176,13.4615,22
176,12.884,21
176,12.884,18
176,12.884,19
176,12.884,21
176,12.884,22
176,12.884,19
176,12.884,21
176,13.4228,19
176,13.4228,21
176,13.4228,20
176,13.4228,20
176,13.4228,20
176,13.4228,20
176,13.4228,21
176,13.4486,20
176,13.4486,20
176,13.4486,19
176,13.4486,20
176,13.4486,24
176,13.4486,21
176,13.4486,20
176,13.2325,19
176,13.2325,19
176,13.2325,22
176,13.2325,20
176,13.2325,28
176,13.2325,20
176,13.2325,21
176,13.4357,20
176,13.4357,19
176,13.4357,21
176,13.4357,20
176,13.4357,20
176,13.4357,21
176,13.4357,19
176,13.4486,18
176,13.4486,21
176,13.4486,26
176,13.4486,20
176,13.4486,19
176,13.4486,20
176,13.4486,21
176,13.4228,19
176,13.4228,22
176,13.4228,20
176,13.4228,21
176,13.4228,20
176,13.4228,20
176,13.4228,20
176,13.4745,24
176,13.4745,19
176,13.4745,20
176,13.4745,22
176,13.4745,21
176,13.4745,21
176,13.4745,21
176,13.4228,20
176,13.4228,22
176,13.4228,22
176,13.4228,21
176,13.4228,21
176,13.4228,19
176,13.4228,21
176,13.2325,20
176,13.2325,19
176,13.2325,19
176,13.2325,20
176,13.2325,20
176,13.2325,22
176,13.2325,20
176,13.1579,21
176,13.1579,21
176,13.1579,21
176,13.1579,21
176,13.1579,21
176,13.1579,20
176,13.1579,21
176,13.4615,19
176,13.4615,34
176,13.4615,21
176,13.4615,22
176,13.4615,20
176,13.4615,21
176,13.4615,22
176,13.4615,21
176,13.4615,21
176,13.4615,21
176,13.4615,20
176,13.4615,21
176,13.4615,20
176,13.4615,21
176,13.4615,21
176,13.4615,20
176,13.4615,22
176,13.4615,20
176,13.4615,18
176,13.4615,20
176,13.4615,20
176,13.1086,20
176,13.1086,22
176,13.1086,25
176,13.1086,20
176,13.1086,19
176,13.1086,22
176,13.1086,21
176,13.3843,20
176,13.3843,20
176,13.3843,20
176,13.3843,22
176,13.3843,19
176,13.3843,19
176,13.3843,19
176,13.346,21
176,13.346,22
176,13.346,20
176,13.346,21
176,13.346,19
176,13.346,22
176,13.346,22
176,13.4875,22
176,13.4875,20
176,13.4875,21
176,13.4875,19
176,13.4875,22
176,13.4875,20
176,13.4875,21
176,13.4486,25
176,13.4486,22
176,13.4486,19
176,13.4486,22
176,13.4486,22
176,13.4486,19
176,13.4486,21
176,12.884,21
176,12.884,20
176,12.884,20
176,12.884,21
176,12.884,22
176,12.884,23
176,12.884,22
176,13.41,21
176,13.41,21
176,13.41,25
176,13.41,22
176,13.41,23
176,13.41,21
176,13.41,20
176,13.4745,20
176,13.4745,20
176,13.4745,20
176,13.4745,20
176,13.4745,19
176,13.4745,21
176,13.4745,20
176,13.4486,21
176,13.4486,20
176,13.4486,19
176,13.4486,20
176,13.4486,19
176,13.4486,20
176,13.4486,20
176,13.4486,21
176,13.4486,21
176,13.4486,21
176,13.4486,21
176,13.4486,21
176,13.4486,21
176,13.4486,20
176,13.4486,21
176,13.4486,20
176,13.4486,19
176,13.4486,21
176,13.4486,21
176,13.4486,20
176,13.4486,20
176,13.4745,21
176,13.4745,21
176,13.4745,20
176,13.4745,21
176,13.4745,20
176,13.4745,19
176,13.4745,20
176,13.4745,20
176,13.4745,19
176,13.4745,20
176,13.4745,20
176,13.4745,21
176,13.4745,21
176,13.4745,21
176,13.4615,19
176,13.4615,21
176,13.4615,19
176,13.4615,21
176,13.4615,21
176,13.4615,21
176,13.4615,19
176,13.4875,20
176,13.4875,19
176,13.4875,21
176,13.4875,20
176,13.4875,21
176,13.4875,21
176,12.884,20
176,12.884,21
176,12.884,19
176,12.884,20
176,12.884,21
176,12.884,21
176,12.884,20
176,13.4357,20
176,13.4357,20
176,13.4357,20
176,13.4357,29
176,13.4357,21
176,13.4357,20
176,13.4357,20
176,13.3971,20
176,13.3971,21
176,13.3971,20
176,13.3971,21
176,13.3971,20
176,13.3971,20
176,13.3971,20
176,13.3333,20
176,13.3333,21
176,13.3333,20
176,13.3333,20
176,13.3333,21
176,13.3333,20
176,13.3333,20
176,13.4875,20
176,13.4875,21
176,13.4875,20
176,13.4875,21
176,13.4875,20
176,13.4875,21
176,13.4875,20
176,13.3843,19
176,13.3843,21
176,13.3843,18
176,13.3843,20
176,13.3843,21
176,13.3843,19
176,13.3843,19
176,13.4875,20
176,13.4875,20
176,13.4875,20
176,13.4875,20
176,13.4875,20
176,13.4875,20
176,13.4875,20
176,13.4875,20
176,13.4875,23
176,13.4875,21
176,13.4875,20
176,13.4875,22
176,13.4875,21
176,13.4875,19
176,13.4745,21
176,13.4745,20
176,13.4745,22
176,13.4745,20
176,13.4745,21
176,13.4745,20
176,13.4745,22
176,13.1455,21
176,13.1455,19
176,13.1455,19
176,13.1455,20
176,13.1455,20
176,13.1455,21
176,13.1455,20
176,13.3843,20
176,13.3843,21
176,13.3843,21
176,13.3843,20
176,13.3843,20
176,13.3843,21
176,13.3843,20
176,13.4745,20
176,13.4745,22
176,13.4745,21
176,13.4745,20
176,13.4745,21
176,13.4745,20
176,13.4745,22
176,13.4486,20
176,13.4486,20
176,13.4486,21
176,13.4486,20
176,13.4486,19
176,13.4486,21
176,13.4486,20
176,13.4875,21
176,13.4875,21
176,13.4875,20
176,13.4875,20
176,13.4875,21
176,13.4875,19
176,13.4875,20
176,13.4615,20
176,13.4615,21
176,13.4615,19
176,13.4615,20
176,13.4615,20
176,13.4615,20
176,13.4615,20
176,13.4875,20
176,13.4875,21
176,13.4875,20
176,13.4875,21
176,13.4875,20
176,13.4875,21
176,13.4875,20
176,13.4745,19
176,13.4745,20
176,13.4745,22
176,13.4745,22
176,13.4745,20
176,13.4745,20
176,13.4745,21
176,13.5005,21
176,13.5005,18
176,13.5005,20
176,13.5005,20
176,13.5005,22
176,13.5005,21
176,13.5005,20
176,13.4486,20
176,13.4486,19
176,13.4486,21
176,13.4486,21
176,13.4486,20
176,13.4486,21
176,13.4486,20
176,12.7202,21
176,12.7202,20
176,12.7202,21
176,12.7202,20
176,12.7202,20
176,12.7202,20
176,12.7202,19
176,13.3715,21
176,13.3715,20
176,13.3715,18
176,13.3715,21
176,13.3715,21
176,13.3715,21
176,13.3715,21
176,13.4875,21
176,13.4875,22
176,13.4875,23
176,13.4875,19
176,13.4875,20
176,13.4875,20
176,12.3223,21
176,12.3223,19
176,12.3223,20
176,12.3223,21
176,12.3223,19
176,12.3223,19
176,12.3223,21
176,13.41,20
176,13.41,21
176,13.41,19
176,13.41,21
176,13.41,22
176,13.41,20
176,13.41,21
176,13.4615,19
176,13.4615,22
176,13.4615,20
176,13.4615,21
176,13.4615,20
176,13.4615,21
176,13.4615,19
176,13.4615,22
176,13.4615,19
176,13.4615,21
176,13.4615,21
176,13.4615,21
176,13.4615,20
176,13.4615,19
176,13.5135,20
176,13.5135,23
176,13.5135,20
176,13.5135,19
176,13.5135,19
176,13.5135,20
176,13.5135,20
176,13.5005,20
176,13.5005,21
176,13.5005,21
176,13.5005,21
176,13.5005,20
176,13.5005,19
176,13.5005,21
176,13.3333,19
176,13.3333,23
176,13.3333,21
176,13.3333,21
176,13.3333,21
176,13.3333,21
176,13.3333,19
176,13.0597,21
176,13.0597,19
176,13.0597,21
176,13.0597,20
176,13.0597,21
176,13.0597,21
176,13.0597,20
176,13.41,22
176,13.41,20
176,13.41,20
176,13.41,22
176,13.41,19
176,13.41,20
176,13.41,20
176,13.4615,20
176,13.4615,20
176,13.4615,23
176,13.4615,20
176,13.4615,20
176,13.4615,21
176,13.4615,21
176,13.2953,19
176,13.2953,19
176,13.2953,20
176,13.2953,21
176,13.2953,21
176,13.2953,20
176,13.2953,20
176,13.4615,22
176,13.4615,21
176,13.4615,21
176,13.4615,22
176,13.4615,21
176,13.4615,20
176,13.4615,21
176,13.4615,20
176,13.4615,21
176,13.4615,21
176,13.4615,21
176,13.4615,20
176,13.4615,20
176,13.4615,20
176,13.3715,19
176,13.3715,20
176,13.3715,20
176,13.3715,20
176,13.3715,20
176,13.3715,21
176,13.3715,20
176,13.2953,21
176,13.2953,22
176,13.2953,20
176,13.2953,22
176,13.2953,19
176,13.2953,19
176,13.2953,19
176,13.4357,21
176,13.4357,20
176,13.4357,20
176,13.4357,21
176,13.4357,20
176,13.4357,20
176,13.4357,20
176,12.8332,18
176,12.8332,22
176,12.8332,21
176,12.8332,19
176,12.8332,19
176,12.8332,20
176,12.8332,21
176,13.3588,21
176,13.3588,21
176,13.3588,21
176,13.3588,20
176,13.3588,23
176,13.3588,21
176,13.3588,21
176,13.5135,19
176,13.5135,21
176,13.5135,19
176,13.5135,20
176,13.5135,20
176,13.5135,21
176,13.5135,21
176,13.4357,19
176,13.4357,19
176,13.4357,21
176,13.4357,19
176,13.4357,20
176,13.4357,21
176,13.4357,19
176,13.0233,21
176,13.0233,21
176,13.0233,19
176,13.0233,20
176,13.0233,20
176,13.0233,21
176,13.0233,20
176,13.3588,21
176,13.3588,21
176,13.3588,19
176,13.3588,19
176,13.3588,23
176,13.3588,25
176,11.5274,20
176,11.5274,18
176,11.5274,21
176,11.5274,19
176,11.5274,19
176,11.5274,21
176,12.7827,21
176,12.7827,19
176,12.7827,20
176,12.7827,20
176,12.7827,21
176,12.7827,22
176,12.7827,20
176,13.5005,21
176,13.5005,21
176,13.5005,19
176,13.5005,19
176,13.5005,21
176,13.5005,20
176,13.5005,20
176,13.4486,20
176,13.4486,19
176,13.4486,20
176,13.4486,21
176,13.4486,21
176,13.4486,20
176,13.4486,20
176,12.7077,21
176,12.7077,21
176,12.7077,21
176,12.7077,24
176,12.7077,19
176,12.7077,21
176,12.7077,20
176,13.41,19
176,13.41,20
176,13.41,34
176,13.41,20
176,13.41,20
176,13.41,19
176,13.41,19
176,13.4745,21
176,13.4745,19
176,13.4745,19
176,13.4745,21
176,13.4745,21
176,13.4745,20
176,13.4745,24
176,13.4875,19
176,13.4875,20
176,13.4875,21
176,13.4875,20
176,13.4875,19
176,13.4875,63
176,13.4875,19
176,13.5005,21
176,13.5005,20
176,13.5005,21
176,13.5005,21
176,13.5005,19
176,13.5005,20
176,13.5005,19
176,13.41,20
176,13.41,21
176,13.41,22
176,13.41,22
176,13.41,20
176,13.41,22
176,13.41,25
176,13.4615,21
176,13.4615,19
176,13.4615,21
176,13.4615,19
176,13.4615,21
176,13.4615,22
176,13.4615,20
176,13.4745,20
176,13.4745,20
176,13.4745,21
176,13.4745,21
176,13.4745,19
176,13.4745,21
176,13.4745,20
176,13.4615,20
176,13.4615,20
176,13.4615,24
176,13.4615,21
176,13.4615,19
176,13.4615,19
176,12.9353,23
176,12.9353,25
176,12.9353,20
176,12.9353,21
176,12.9353,21
176,12.9353,20
176,12.9353,21
176,13.3971,20
176,13.3971,19
176,13.3971,21
176,13.3971,20
176,13.3971,21
176,13.3971,20
176,13.3971,21
176,13.3843,19
176,13.3843,20
176,13.3843,20
176,13.3843,21
176,13.3843,21
176,13.3843,20
176,13.3843,19
176,13.3588,21
176,13.3588,20
176,13.3588,20
176,13.3588,20
176,13.3588,22
176,13.3588,18
176,13.3588,21
176,13.4357,21
176,13.4357,19
176,13.4357,19
176,13.4357,20
176,13.4357,21
176,13.4357,19
176,13.4357,21
176,13.3843,21
176,13.3843,20
176,13.3843,20
176,13.3843,20
176,13.3843,21
176,13.3843,20
176,13.3843,21
176,13.4745,23
176,13.4745,20
176,13.4745,19
176,13.4745,22
176,13.4745,21
176,13.4745,19
176,13.4745,20
176,13.4615,19
176,13.4615,20
176,13.4615,21
176,13.4615,30
176,13.4615,19
176,13.4615,20
176,13.4615,20
176,13.4745,21
176,13.4745,20
176,13.4745,20
176,13.4745,20
176,13.4745,19
176,13.4745,19
176,13.4745,19
176,13.4615,19
176,13.4615,21
176,13.4615,19
176,13.4615,24
176,13.4615,20
176,13.4615,21
176,13.4615,20
176,12.8713,19
176,12.8713,19
176,12.8713,22
176,12.8713,19
176,12.8713,20
176,12.8713,21
176,12.8713,21
176,13.4357,19
176,13.4357,20
176,13.4357,21
176,13.4357,19
176,13.4357,20
176,13.4357,21
176,13.4357,20
176,13.5005,20
176,13.5005,22
176,13.5005,19
176,13.5005,21
176,13.5005,20
176,13.5005,20
176,13.5005,20
176,13.5135,22
176,13.5135,20
176,13.5135,20
176,13.5135,21
176,13.5135,20
176,13.5135,21
176,13.5135,20
176,13.5135,20
176,13.5135,21
176,13.5135,21
176,13.5135,22
176,13.5135,20
176,13.5135,21
176,13.5135,22
176,13.3588,21
176,13.3588,20
176,13.3588,20
176,13.3588,20
176,13.3588,20
176,13.3588,21
176,13.3588,21
176,13.4875,20
176,13.4875,21
176,13.4875,24
176,13.4875,19
176,13.4875,22
176,13.4875,22
176,13.4875,21
176,13.4745,21
176,13.4745,21
176,13.4745,20
176,13.4745,25
176,13.4745,21
176,13.4745,19
176,13.4745,20
176,13.4615,21
176,13.4615,20
176,13.4615,21
176,13.4615,19
176,13.4615,21
176,13.4615,19
176,13.4615,20
176,13.346,20
176,13.346,21
176,13.346,20
176,13.346,21
176,13.346,22
176,13.346,21
176,12.9482,19
176,12.9482,20
176,12.9482,20
176,12.9482,20
176,12.9482,20
176,12.9482,20
176,12.9482,20
176,13.4228,21
176,13.4228,21
176,13.4228,20
176,13.4228,19
176,13.4228,20
176,13.4228,21
176,13.4228,20
176,13.5005,19
176,13.5005,19
176,13.5005,20
176,13.5005,21
176,13.5005,20
176,13.5005,19
176,13.5005,22
176,13.4486,20
176,13.4486,19
176,13.4486,19
176,13.4486,21
176,13.4486,19
176,13.4486,20
176,13.4486,20
176,13.4875,21
176,13.4875,19
176,13.4875,22
176,13.4875,20
176,13.4875,20
176,13.4875,21
176,13.4875,21
176,13.3715,19
176,13.3715,21
176,13.3715,19
176,13.3715,19
176,13.3715,20
176,13.3715,20
176,13.3715,20
176,13.4875,21
176,13.4875,21
176,13.4875,20
176,13.4875,21
176,13.4875,19
176,13.4875,20
176,13.4875,20
176,13.4875,20
176,13.4875,23
176,13.4875,20
176,13.4875,20
176,13.4875,21
176,13.4875,21
176,13.4875,20
176,13.5005,21
176,13.5005,19
176,13.5005,21
176,13.5005,21
176,13.5005,21
176,13.5005,19
176,13.5005,20
176,12.9225,21
176,12.9225,20
176,12.9225,20
176,12.9225,20
176,12.9225,22
176,12.9225,21
176,12.9225,20
176,13.4486,21
176,13.4486,21
176,13.4486,21
176,13.4486,20
176,13.4486,21
176,13.4486,20
176,13.4486,22
176,13.5005,20
176,13.5005,20
176,13.5005,20
176,13.5005,21
176,13.5005,19
176,13.5005,28
176,13.5005,20
176,13.308,21
176,13.308,20
176,13.308,28
176,13.308,19
176,13.308,21
176,13.308,20
176,13.308,21
176,13.4486,20
176,13.4486,21
176,13.4486,20
176,13.4486,21
176,13.4486,20
176,13.4486,21
176,13.4486,21
176,13.5266,21
176,13.5266,21
176,13.5266,19
176,13.5266,19
176,13.5266,20
176,13.5266,20
176,13.5266,21
176,13.5135,21
176,13.5135,21
176,13.5135,21
176,13.5135,19
176,13.5135,22
176,13.5135,20
176,13.5135,20
176,13.3971,20
176,13.3971,22
176,13.3971,25
176,13.3971,20
176,13.3971,20
176,13.3971,21
176,13.3971,20
176,13.5266,20
176,13.5266,19
176,13.5266,20
176,13.5266,21
176,13.5266,22
176,13.5266,21
176,13.5266,19
176,13.5005,20
176,13.5005,20
176,13.5005,19
176,13.5005,21
176,13.5005,19
176,13.5005,21
176,12.987,20
176,12.987,20
176,12.987,22
176,12.987,20
176,12.987,20
176,12.987,20
176,12.987,21
176,13.41,21
176,13.41,21
176,13.41,22
176,13.41,18
176,13.41,21
176,13.41,21
176,13.41,20
176,13.5005,20
176,13.5005,21
176,13.5005,19
176,13.5005,21
176,13.5005,22
176,13.5005,21
176,13.5005,21
176,13.5005,20
176,13.5005,20
176,13.5005,21
176,13.5005,20
176,13.5005,21
176,13.5005,21
176,13.5005,20
176,13.4486,22
176,13.4486,20
176,13.4486,20
176,13.4486,21
176,13.4486,20
176,13.4486,21
176,13.4486,18
176,13.4875,21
176,13.4875,20
176,13.4875,22
176,13.4875,22
176,13.4875,19
176,13.4875,21
176,13.4875,25
176,13.2701,20
176,13.2701,20
176,13.2701,20
176,13.2701,21
176,13.2701,20
176,13.2701,20
176,13.2701,20
176,13.1332,22
176,13.1332,20
176,13.1332,20
176,13.1332,19
176,13.1332,20
176,13.1332,20
176,13.1332,21
176,13.0475,20
176,13.0475,23
176,13.0475,20
176,13.0475,20
176,13.0475,20
176,13.0475,20
176,13.0475,22
176,12.9096,21
176,12.9096,21
176,12.9096,21
176,12.9096,19
176,12.9096,19
176,12.9096,20
176,12.9096,19
176,13.1951,21
176,13.1951,39
176,13.1951,22
176,13.1951,20
176,13.1951,22
176,13.1951,21
176,12.1609,20
176,12.1609,20
176,12.1609,21
176,12.1609,20
176,12.1609,20
176,12.1609,25
176,12.1609,19
176,12.2757,21
176,12.2757,22
176,12.2757,21
176,12.2757,19
176,12.2757,24
176,12.2757,20
176,11.3422,24
176,11.3422,20
176,11.3422,20
176,11.3422,21
176,11.3422,21
176,11.3422,21
176,12.7451,20
176,12.7451,21
176,12.7451,21
176,12.7451,19
176,12.7451,24
176,12.7451,25
176,12.7451,21
176,12.3457,20
176,12.3457,29
176,12.3457,21
176,12.3457,20
176,12.3457,20
176,12.3457,20
176,12.8586,20
176,12.8586,19
176,12.8586,21
176,12.8586,20
176,12.8586,19
176,12.8586,19
176,12.8586,19
176,12.9991,23
176,12.9991,19
176,12.9991,20
176,12.9991,19
176,12.9991,22
176,12.9991,20
176,12.9991,20
176,13.0597,20
176,13.0597,21
176,13.0597,19
176,13.0597,20
176,13.0597,20
176,13.0597,20
176,13.0597,21
176,12.488,19
176,12.488,20
176,12.488,20
176,12.488,19
176,12.488,21
176,12.488,19
176,12.488,19
176,13.0475,21
176,13.0475,19
176,13.0475,19
176,13.0475,20
176,13.0475,20
176,13.0475,20
176,13.0475,20
176,13.245,20
176,13.245,21
176,13.245,21
176,13.245,19
176,13.245,21
176,13.245,22
176,13.245,20
176,13.0841,19
176,13.0841,19
176,13.0841,20
176,13.0841,21
176,13.0841,20
176,13.0841,20
176,13.0841,20
176,13.3333,20
176,13.3333,20
176,13.3333,22
176,13.3333,20
176,13.3333,20
176,13.3333,24
176,12.4164,20
176,12.4164,22
176,12.4164,19
176,12.4164,20
176,12.4164,20
176,12.4164,20
176,12.4164,20
176,12.2757,20
176,12.2757,19
176,12.2757,20
176,12.2757,19
176,12.2757,21
176,12.2757,20
176,12.6829,20
176,12.6829,20
176,12.6829,19
176,12.6829,19
176,12.6829,19
176,12.6829,20
176,12.6829,21
176,12.2295,20
176,12.2295,22
176,12.2295,20
176,12.2295,20
176,12.2295,21
176,12.2295,19
176,12.7953,22
176,12.7953,20
176,12.7953,19
176,12.7953,19
176,12.7953,21
176,12.7953,19
176,12.7953,21
176,12.1723,24
176,12.1723,19
176,12.1723,20
176,12.1723,20
176,12.1723,19
176,12.1723,19
176,12.1382,21
176,12.1382,20
176,12.1382,19
176,12.1382,19
176,12.1382,23
176,9.99001,24
176,9.99001,25
176,9.99001,49
176,9.99001,19
176,9.99001,41
176,9.99001,18
176,10.989,23
176,10.989,20
176,10.989,19
176,10.989,20
176,10.989,19
176,10.989,18
176,12.218,20
176,12.218,20
176,12.218,19
176,12.218,19
176,12.218,20
176,12.218,20
176,12.218,19
176,12.7451,54
176,12.7451,21
176,12.7451,20
176,12.7451,19
176,12.7451,19
176,12.7451,21
176,12.381,20
176,12.381,19
176,12.381,21
176,12.381,20
176,12.381,20
176,12.381,20
176,12.381,19
176,12.884,20
176,12.884,20
176,12.884,19
176,12.884,20
176,12.884,24
176,12.884,20
176,12.1723,39
176,12.1723,19
176,12.1723,19
176,12.1723,19
176,12.1723,20
176,12.1723,23
176,12.1723,23
176,12.5604,20
176,12.5604,20
176,12.5604,56
176,12.5604,19
176,12.5604,21
176,12.5604,21
176,12.6953,20
176,12.6953,53
176,12.6953,19
176,12.6953,20
176,12.6953,20
176,12.6953,20
176,12.6953,21
176,12.6582,20
176,12.6582,19
176,12.6582,19
176,12.6582,19
176,12.6582,20
176,12.6582,20
176,12.7827,18
176,12.7827,19
176,12.7827,20
176,12.7827,19
176,12.7827,20
176,12.7827,19
176,12.7827,19
176,12.4521,21
176,12.4521,19
176,12.4521,20
176,12.4521,20
176,12.4521,20
176,12.4521,24
176,12.1837,19
176,12.1837,19
176,12.1837,19
176,12.1837,20
176,12.1837,21
176,12.1837,20
176,12.1837,21
176,12.9225,20
176,12.9225,19
176,12.9225,21
176,12.9225,19
176,12.9225,37
176,12.9225,21
176,12.7953,19
176,12.7953,20
176,12.7953,43
176,12.7953,19
176,12.7953,24
176,12.7953,19
176,12.7953,19
176,12.4046,19
176,12.4046,27
176,12.4046,24
176,12.4046,20
176,12.4046,21
176,12.4046,18
176,12.4046,19
176,13.0112,19
176,13.0112,21
176,13.0112,20
176,13.0112,19
176,13.0112,20
176,13.0112,19
176,13.0112,19
176,13.22,21
176,13.22,23
176,13.22,19
176,13.22,20
176,13.22,20
176,13.22,19
176,12.5241,20
176,12.5241,21
176,12.5241,20
176,12.5241,23
176,12.5241,21
176,12.5241,21
176,10.9671,23
176,10.9671,20
176,10.9671,19
176,10.9671,20
176,10.9671,19
176,10.9671,38
176,12.0148,43
176,12.0148,21
176,12.0148,21
176,12.0148,21
176,12.0148,20
176,12.0148,20
176,12.0148,20
176,13.2576,20
176,13.2576,20
176,13.2576,20
176,13.2576,20
176,13.2576,20
176,13.2576,19
176,13.2576,20
176,13.1455,20
176,13.1455,20
176,13.1455,19
176,13.1455,21
176,13.1455,24
176,13.1455,19
176,13.1455,19
176,12.512,22
176,12.512,20
176,12.512,20
176,12.512,20
176,12.512,21
176,12.512,20
176,12.7953,21
176,12.7953,19
176,12.7953,19
176,12.7953,19
176,12.7953,20
176,12.7953,20
176,12.7953,22
176,12.6459,19
176,12.6459,20
176,12.6459,17
176,12.6459,20
176,12.6459,19
176,12.6459,23
176,12.987,51
176,12.987,19
176,12.987,20
176,12.987,20
176,12.987,20
176,12.987,20
176,12.987,20
176,13.3843,21
176,13.3843,21
176,13.3843,20
176,13.3843,21
176,13.3843,20
176,13.3843,20
176,13.3843,20
176,13.5922,19
176,13.5922,24
176,13.5922,21
176,13.5922,20
176,13.5922,20
176,13.5922,21
176,13.5922,20
176,13.6452,22
176,13.6452,20
176,13.6452,20
176,13.6452,20
176,13.6452,20
176,13.6452,23
176,13.6452,24
176,13.245,20
176,13.245,20
176,13.245,20
176,13.245,20
176,13.245,20
176,13.245,19
176,13.245,19
176,12.476,21
176,12.476,34
176,12.476,24
176,12.476,20
176,12.476,19
176,12.476,19
176,11.4833,20
176,11.4833,19
176,11.4833,19
176,11.4833,20
176,11.4833,30
176,11.4833,19
176,12.7701,20
176,12.7701,18
176,12.7701,19
176,12.7701,19
176,12.7701,24
176,12.7701,19
176,12.7701,19
176,13.6585,20
176,13.6585,20
176,13.6585,20
176,13.6585,20
176,13.6585,48
176,13.6585,24
176,13.6585,19
176,12.0037,20
176,12.0037,20
176,12.0037,19
176,12.0037,27
176,12.0037,33
176,12.0037,20
176,12.464,28
176,12.464,19
176,12.464,23
176,12.464,23
176,12.464,19
176,12.464,24
176,10.0733,25
176,10.0733,24
176,10.0733,20
176,10.0733,20
176,10.0733,20
176,10.0733,19
176,11.6845,20
176,11.6845,21
176,11.6845,20
176,11.6845,18
176,11.6845,21
176,10.9235,23
176,10.9235,19
176,10.9235,19
176,10.9235,18
176,10.9235,19
176,10.9235,19
176,10.9235,21
176,13.0841,21
176,13.0841,21
176,13.0841,20
176,13.0841,21
176,13.0841,24
176,13.0841,21
176,11.7647,19
176,11.7647,19
176,11.7647,19
176,11.7647,20
176,11.7647,19
176,11.7647,21
176,11.7647,19
176,12.5241,20
176,12.5241,18
176,12.5241,19
176,12.5241,20
176,12.5241,21
176,12.5241,44
176,12.488,19
176,12.488,21
176,12.488,20
176,12.488,21
176,12.488,20
176,12.488,19
176,12.488,19
176,13.6585,20
176,13.6585,20
176,13.6585,19
176,13.6585,20
176,13.6585,20
176,13.6585,19
176,13.6585,20
176,12.8586,20
176,12.8586,18
176,12.8586,21
176,12.8586,20
176,12.8586,22
176,12.8586,20
176,12.1723,20
176,12.1723,19
176,12.1723,20
176,12.1723,37
176,12.1723,19
176,12.1723,19
176,12.1723,20
176,12.7953,19
176,12.7953,20
176,12.7953,18
176,12.7953,20
176,12.7953,20
176,12.7953,20
176,12.7953,20
176,13.579,20
176,13.579,24
176,13.579,20
176,13.579,20
176,13.579,21
176,13.579,20
176,13.579,19
176,13.0841,20
176,13.0841,19
176,13.0841,19
176,13.0841,20
176,13.0841,19
176,13.0841,20
176,13.0841,19
176,13.6719,20
176,13.6719,19
176,13.6719,20
176,13.6719,20
176,13.6719,20
176,13.6719,19
176,13.6719,20
176,13.6452,20
176,13.6452,20
176,13.6452,21
176,13.6452,19
176,13.6452,20
176,13.6452,19
176,13.6452,20
176,13.6719,19
176,13.6719,19
176,13.6719,20
176,13.6719,23
176,13.6719,20
176,13.6719,18
176,13.6719,19
176,13.2953,20
176,13.2953,38
176,13.2953,19
176,13.2953,19
176,13.2953,18
176,13.2953,19
176,12.6953,20
176,12.6953,20
176,12.6953,20
176,12.6953,19
176,12.6953,20
176,12.6953,23
176,12.6953,20
176,13.2701,20
176,13.2701,19
176,13.2701,19
176,13.2701,20
176,13.2701,19
176,13.2701,19
176,13.2701,19
176,13.6187,20
176,13.6187,20
176,13.6187,20
176,13.6187,19
176,13.6187,20
176,13.6187,19
176,13.6187,19
176,13.6452,21
176,13.6452,19
176,13.6452,20
176,13.6452,19
176,13.6452,19
176,13.6452,18
176,13.6452,19
176,13.0597,19
176,13.0597,21
176,13.0597,19
176,13.0597,20
176,13.0597,20
176,13.0597,20
176,13.0597,21
176,12.4046,20
176,12.4046,20
176,12.4046,18
176,12.4046,18
176,12.4046,20
176,12.4046,36
176,12.1951,19
176,12.1951,20
176,12.1951,19
176,12.1951,19
176,12.1951,19
176,12.1951,20
176,12.1951,19
176,12.3457,20
176,12.3457,20
176,12.3457,20
176,12.3457,19
176,12.3457,20
176,12.3457,19
176,12.2873,19
176,12.2873,19
176,12.2873,20
176,12.2873,19
176,12.2873,39
176,12.2873,19
176,12.2873,19
176,12.4402,19
176,12.4402,20
176,12.4402,28
176,12.4402,19
176,12.4402,20
176,10.5566,20
176,10.5566,19
176,10.5566,49
176,10.5566,19
176,10.5566,19
176,10.5566,19
176,10.5566,19
176,12.0594,19
176,12.0594,19
176,12.0594,19
176,12.0594,21
176,12.0594,20
176,12.0594,19
176,12.0594,19
176,13.1332,20
176,13.1332,45
176,13.1332,19
176,13.1332,20
176,13.1332,20
176,13.1332,20
176,12.8332,21
176,12.8332,20
176,12.8332,19
176,12.8332,20
176,12.8332,20
176,12.8332,18
176,12.8332,20
176,12.4283,19
176,12.4283,20
176,12.4283,19
176,12.4283,20
176,12.4283,25
176,12.4283,21
176,11.5942,25
176,11.5942,30
176,11.5942,24
176,11.5942,23
176,11.5942,23
176,10.0917,19
176,10.0917,22
176,10.0917,20
176,10.0917,19
176,10.0917,29
176,8.84956,31
176,8.84956,22
176,8.84956,24
176,6.21118,37
176,6.21118,19
176,6.21118,21
176,6.21118,19
176,6.21118,25
176,6.21118,49
176,10.1289,20
176,10.1289,20
176,10.1289,46
176,10.1289,20
176,10.1289,22
176,10.7632,25
176,10.7632,20
176,10.7632,21
176,10.7632,30
176,10.7632,19
176,10.7632,46
176,11.3422,19
176,11.3422,23
176,11.3422,19
176,11.3422,37
176,11.3422,19
176,11.3422,20
176,11.5942,20
176,11.5942,20
176,11.5942,20
176,11.5942,22
176,11.5942,21
176,11.5942,26
176,11.0294,20
176,11.0294,32
176,11.0294,20
176,11.0294,20
176,11.0294,19
176,11.0294,24
176,11.6279,22
176,11.6279,21
176,11.6279,21
176,11.6279,21
176,11.6279,20
176,11.6279,20
176,11.9166,20
176,11.9166,20
176,11.9166,19
176,11.9166,19
176,11.9166,20
176,11.9166,21
176,11.4395,21
176,11.4395,21
176,11.4395,19
176,11.4395,19
176,11.4395,21
176,11.4395,20
176,11.4395,25
176,12.1382,20
176,12.1382,19
176,12.1382,20
176,12.1382,19
176,12.1382,20
176,12.1382,20
176,11.5385,23
176,11.5385,24
176,11.5385,20
176,11.5385,20
176,11.5385,19
176,11.5385,19
176,12.1723,19
176,12.1723,20
176,12.1723,41
176,12.1723,54
176,12.1723,20
176,12.1723,19
176,11.3101,19
176,11.3101,20
176,11.3101,20
176,11.3101,19
176,11.3101,19
176,11.3101,20
176,11.3101,21
176,12.2642,20
176,12.2642,27
176,12.2642,20
176,12.2642,23
176,12.2642,19
176,12.2642,34
176,11.9048,20
176,11.9048,19
176,11.9048,22
176,11.9048,22
176,11.9048,20
176,11.9048,19
176,11.3208,20
176,11.3208,19
176,11.3208,19
176,11.3208,20
176,11.3208,19
176,11.3208,20
176,11.6054,19
176,11.6054,21
176,11.6054,20
176,11.6054,21
176,11.6054,19
176,11.6054,21
176,11.9641,21
176,11.9641,20
176,11.9641,25
176,11.9641,20
176,11.9641,20
176,11.9641,20
176,11.0092,19
176,11.0092,23
176,11.0092,19
176,11.0092,23
176,11.0092,19
176,11.0092,20
176,11.9403,19
176,11.9403,20
176,11.9403,19
176,11.9403,20
176,11.9403,20
176,11.9403,19
176,12.1043,26
176,12.1043,20
176,12.1043,25
176,12.1043,34
176,12.1043,56
176,12.1043,24
176,11.4395,26
176,11.4395,18
176,11.4395,21
176,11.4395,20
176,11.4395,19
176,11.4395,22
176,11.8227,19
176,11.8227,20
176,11.8227,21
176,11.8227,20
176,11.8227,20
176,11.8227,20
176,11.8227,19
176,12.0818,26
176,12.0818,19
176,12.0818,20
176,12.0818,20
176,12.0818,19
176,12.0818,19
176,12.7326,20
176,12.7326,20
176,12.7326,19
176,12.7326,22
176,12.7326,20
176,12.7326,19
176,12.7326,20
176,13.3333,21
176,13.3333,20
176,13.3333,21
176,13.3333,19
176,13.3333,22
176,13.3333,19
176,13.3333,20
176,13.5005,22
176,13.5005,20
176,13.5005,20
176,13.5005,20
176,13.5005,20
176,13.5005,20
176,13.5005,20
176,13.3206,19
176,13.3206,19
176,13.3206,20
176,13.3206,20
176,13.3206,19
176,13.3206,21
176,13.3206,19
176,12.5847,20
176,12.5847,20
176,12.5847,20
176,12.5847,19
176,12.5847,21
176,12.5847,20
176,12.6829,20
176,12.6829,20
176,12.6829,20
176,12.6829,21
176,12.6829,20
176,12.6829,21
176,12.6829,19
176,13.1951,19
176,13.1951,20
176,13.1951,19
176,13.1951,19
176,13.1951,21
176,13.1951,21
176,13.1951,18
176,12.7576,20
176,12.7576,20
176,12.7576,20
176,12.7576,20
176,12.7576,24
176,12.7576,20
176,12.7576,20
176,13.5005,20
176,13.5005,20
176,13.5005,20
176,13.5005,19
176,13.5005,20
176,13.5005,18
176,13.5005,19
176,13.4615,20
176,13.4615,19
176,13.4615,19
176,13.4615,24
176,13.4615,21
176,13.4615,19
176,12.6459,19
176,12.6459,23
176,12.6459,19
176,12.6459,49
176,12.6459,20
176,12.6459,25
176,11.236,19
176,11.236,20
176,11.236,19
176,11.236,20
176,11.236,20
176,11.236,20
176,11.236,20
176,13.2953,19
176,13.2953,19
176,13.2953,20
176,13.2953,20
176,13.2953,21
176,13.2953,20
176,13.2953,20
176,12.7953,19
176,12.7953,20
176,12.7953,20
176,12.7953,19
176,12.7953,34
176,12.7953,19
176,11.583,22
176,11.583,19
176,11.583,20
176,11.583,26
176,11.583,20
176,10.9562,20
176,10.9562,23
176,10.9562,49
176,10.9562,19
176,10.9562,21
176,10.9562,22
176,10.5871,20
176,10.5871,19
176,10.5871,20
176,10.5871,19
176,10.5871,20
176,10.5871,20
176,10.5871,19
176,13.0841,20
176,13.0841,19
176,13.0841,19
176,13.0841,19
176,13.0841,20
176,13.0841,19
176,13.0841,20
176,13.0354,19
176,13.0354,20
176,13.0354,21
176,13.0354,22
176,13.0354,19
176,13.0354,19
176,12.7077,25
176,12.7077,20
176,12.7077,19
176,12.7077,19
176,12.7077,22
176,12.7077,19
176,12.7077,19
176,12.8586,19
176,12.8586,19
176,12.8586,19
176,12.8586,22
176,12.8586,20
176,12.8586,20
176,12.8586,20
176,13.346,20
176,13.346,21
176,13.346,19
176,13.346,26
176,13.346,19
176,13.346,20
176,13.346,20
176,13.4615,20
176,13.4615,21
176,13.4615,20
176,13.4615,20
176,13.4615,20
176,13.4615,19
176,13.4615,19
176,13.4745,19
176,13.4745,20
176,13.4745,20
176,13.4745,19
176,13.4745,19
176,13.4745,19
176,13.4745,20
176,13.41,20
176,13.41,19
176,13.41,20
176,13.41,19
176,13.41,20
176,13.41,19
176,13.41,19
176,13.4357,20
176,13.4357,19
176,13.4357,19
176,13.4357,19
176,13.4357,20
176,13.4357,19
176,12.8713,20
176,12.8713,19
176,12.8713,20
176,12.8713,20
176,12.8713,20
176,12.8713,20
176,12.8713,20
176,13.4228,19
176,13.4228,19
176,13.4228,19
176,13.4228,20
176,13.4228,19
176,13.4228,20
176,13.4228,23
176,13.41,21
176,13.41,20
176,13.41,19
176,13.41,20
176,13.41,20
176,13.41,19
176,13.41,20
176,13.3715,20
176,13.3715,20
176,13.3715,19
176,13.3715,20
176,13.3715,20
176,13.3715,20
176,13.3715,19
176,13.4486,19
176,13.4486,20
176,13.4486,19
176,13.4486,19
176,13.4486,20
176,13.4486,20
176,13.4486,19
176,13.4357,19
176,13.4357,21
176,13.4357,20
176,13.4357,20
176,13.4357,19
176,13.4357,20
176,13.4357,20
176,13.5266,19
176,13.5266,20
176,13.5266,18
176,13.5266,18
176,13.5266,20
176,13.5266,20
176,13.5266,20
176,13.5266,20
176,13.5266,20
176,13.5266,18
176,13.5266,20
176,13.5266,19
176,13.5266,20
176,13.5266,19
176,13.5135,20
176,13.5135,20
176,13.5135,20
176,13.5135,19
176,13.5135,19
176,13.5135,19
176,13.5135,55
176,12.9353,20
176,12.9353,20
176,12.9353,20
176,12.9353,21
176,12.9353,19
176,12.9353,20
176,12.8079,19
176,12.8079,21
176,12.8079,19
176,12.8079,20
