0,0,106
0,0,15
0,0,24
0,0,21
0,0,17
0,0,32
0,0,25
0,0,37
0,0,16
0,0,22
0,0,18
0,0,23
0,0,34
0,0,37
0,0,36
0,0,35
0,0,37
0,0,32
0,0,39
0,0,37
0,0,19
0,0,22
0,0,36
0,45.7256,36
0,45.7256,35
0,45.7256,37
0,45.7256,27
0,45.7256,24
0,45.7256,34
0,45.7256,35
0,45.7256,22
0,45.7256,39
0,45.7256,33
0,45.7256,36
0,45.7256,36
0,45.7256,34
0,45.7256,23
0,45.7256,36
0,45.7256,35
0,45.7256,35
0,45.7256,34
0,45.7256,36
0,45.7256,35
0,45.7256,33
0,45.7256,35
0,45.7256,26
0,45.7256,27
0,45.7256,47
0,45.7256,28
0,45.7256,19
0,45.7256,24
0,45.7256,34
0,45.7256,35
0,59.9401,35
0,59.9401,36
0,59.9401,23
0,59.9401,35
0,59.9401,38
0,59.9401,42
0,59.9401,29
0,59.9401,37
0,59.9401,35
0,59.9401,26
0,59.9401,25
0,59.9401,24
0,59.9401,44
0,59.9401,40
0,59.9401,42
0,59.9401,36
0,59.9401,17
0,59.9401,38
0,59.9401,35
0,59.9401,34
0,59.9401,36
0,59.9401,36
0,59.9401,36
0,59.9401,36
0,59.9401,37
0,59.9401,21
0,59.9401,21
0,59.9401,27
0,59.9401,21
0,59.9401,21
0,59.9401,35
0,61.753,34
0,61.753,20
0,61.753,39
0,61.753,31
0,61.753,28
0,61.753,19
0,61.753,26
0,61.753,33
0,61.753,31
0,61.753,36
0,61.753,23
0,61.753,18
0,61.753,32
0,61.753,29
0,61.753,44
0,61.753,35
0,61.753,29
0,61.753,29
0,61.753,36
0,61.753,36
0,61.753,36
0,61.753,19
0,61.753,27
0,61.753,21
0,61.753,33
0,61.753,30
0,61.753,25
0,61.753,31
0,61.753,31
0,61.753,17
0,61.753,30
0,61.753,24
0,61.753,21
0,61.753,43
0,61.753,18
0,69.17,20
0,69.17,22
0,69.17,33
0,69.17,27
0,69.17,18
0,69.17,34
0,69.17,30
0,69.17,21
0,69.17,36
0,69.17,35
0,69.17,33
0,69.17,23
0,69.17,34
0,69.17,35
0,69.17,29
0,69.17,37
0,69.17,29
0,69.17,29
0,69.17,34
0,69.17,30
0,69.17,32
0,69.17,30
0,69.17,29
0,69.17,35
0,69.17,36
0,69.17,37
0,69.17,37
0,69.17,34
0,69.17,36
0,69.17,34
0,69.17,36
0,69.17,34
0,69.17,36
0,65.2819,27
0,65.2819,23
0,65.2819,29
0,65.2819,35
0,65.2819,34
0,65.2819,29
0,65.2819,28
0,65.2819,21
0,65.2819,30
0,65.2819,21
0,65.2819,35
0,65.2819,34
0,65.2819,30
0,65.2819,36
0,65.2819,36
0,65.2819,32
0,65.2819,30
0,65.2819,37
0,65.2819,36
0,65.2819,30
0,65.2819,25
0,65.2819,38
0,65.2819,22
0,65.2819,21
0,65.2819,35
0,65.2819,22
0,65.2819,29
0,65.2819,21
0,65.2819,35
0,65.2819,31
0,65.2819,29
0,65.2819,37
0,65.2819,34
0,65.2819,30
0,65.2819,20
0,65.2819,32
0,69.6078,35
0,69.6078,21
0,69.6078,32
0,69.6078,22
0,69.6078,36
0,69.6078,28
0,69.6078,31
0,69.6078,35
0,69.6078,31
0,69.6078,19
0,69.6078,32
0,69.6078,29
22,69.6078,301
22,69.6078,140
22,69.6078,181
22,69.6078,185
22,69.6078,177
22,69.6078,177
22,69.6078,147
22,69.6078,92
22,69.6078,203
22,69.6078,176
22,69.6078,120
22,69.6078,247
22,69.6078,201
22,69.6078,195
22,69.6078,175
22,69.6078,118
22,69.6078,271
22,69.6078,176
22,69.6078,223
22,69.6078,182
22,69.6078,116
22,69.6078,143
22,69.6078,90
22,69.6078,243
22,70.5882,176
22,70.5882,119
22,70.5882,190
22,70.5882,118
22,70.5882,119
22,70.5882,201
22,70.5882,136
22,70.5882,190
22,70.5882,172
22,70.5882,118
22,70.5882,175
22,70.5882,174
22,70.5882,189
22,70.5882,94
22,70.5882,201
22,70.5882,173
22,70.5882,174
22,70.5882,209
22,70.5882,175
22,70.5882,179
22,70.5882,95
22,70.5882,193
22,70.5882,175
22,70.5882,118
22,70.5882,189
22,70.5882,222
22,70.5882,127
22,70.5882,216
22,70.5882,191
22,70.5882,173
22,70.5882,136
22,70.5882,191
22,70.5882,177
22,70.5882,225
22,70.5882,199
22,70.5882,143
22,70.5882,199
22,70.5882,180
22,74.7296,195
22,74.7296,173
22,74.7296,187
22,74.7296,119
22,74.7296,177
22,74.7296,213
22,74.7296,175
22,74.7296,191
22,74.7296,154
22,74.7296,124
22,74.7296,173
22,74.7296,184
22,74.7296,118
22,74.7296,177
22,74.7296,175
22,74.7296,191
22,74.7296,95
22,74.7296,300
22,74.7296,174
22,74.7296,120
22,74.7296,189
22,74.7296,166
22,74.7296,79
22,74.7296,170
22,74.7296,150
22,74.7296,178
22,74.7296,117
22,74.7296,153
22,74.7296,176
22,74.7296,119
22,74.7296,93
22,74.7296,175
22,74.7296,176
22,74.7296,188
22,74.7296,254
22,74.7296,200
22,74.7296,182
22,74.6269,175
22,74.6269,114
22,74.6269,175
22,74.6269,174
22,74.6269,188
22,74.6269,93
22,74.6269,233
22,74.6269,195
22,74.6269,175
22,74.6269,186
22,74.6269,93
22,74.6269,269
22,74.6269,180
22,74.6269,117
22,74.6269,176
22,74.6269,175
22,74.6269,176
22,74.6269,188
22,74.6269,120
22,74.6269,175
22,74.6269,175
22,74.6269,240
22,74.6269,195
22,74.6269,149
22,74.6269,86
22,74.6269,75
22,74.6269,162
22,74.6269,99
22,74.6269,79
22,74.6269,125
22,74.6269,111
22,74.6269,105
22,74.6269,137
22,74.6269,188
22,74.6269,241
22,74.6269,154
22,71.2871,124
22,71.2871,101
22,71.2871,132
22,71.2871,128
22,71.2871,135
22,71.2871,157
22,71.2871,173
22,71.2871,133
22,71.2871,178
22,71.2871,125
22,71.2871,193
22,71.2871,192
22,71.2871,191
22,71.2871,188
22,71.2871,94
22,71.2871,207
22,71.2871,187
22,71.2871,185
22,71.2871,148
22,71.2871,123
22,71.2871,194
22,71.2871,194
22,71.2871,191
22,71.2871,185
22,71.2871,190
22,71.2871,194
22,71.2871,96
22,71.2871,203
22,71.2871,191
22,71.2871,152
22,71.2871,127
22,71.2871,186
22,71.2871,197
22,64.0394,197
22,64.0394,193
22,64.0394,187
22,64.0394,192
22,64.0394,188
22,64.0394,182
22,64.0394,179
22,64.0394,206
22,64.0394,194
22,64.0394,185
22,64.0394,186
22,64.0394,179
22,64.0394,188
22,64.0394,203
22,64.0394,196
22,64.0394,186
22,64.0394,188
22,64.0394,188
22,64.0394,188
22,64.0394,178
22,64.0394,148
22,64.0394,194
22,64.0394,190
22,64.0394,193
22,64.0394,185
22,64.0394,182
22,64.0394,180
22,64.0394,186
22,64.0394,187
22,64.0394,182
22,59.8802,123
22,59.8802,124
22,59.8802,129
22,59.8802,130
22,59.8802,183
22,59.8802,182
22,59.8802,148
22,59.8802,191
22,59.8802,189
22,59.8802,188
22,59.8802,188
22,59.8802,155
22,59.8802,178
22,59.8802,181
22,59.8802,187
22,59.8802,188
22,59.8802,188
22,59.8802,190
22,59.8802,183
22,59.8802,184
22,59.8802,164
22,59.8802,181
22,59.8802,181
22,59.8802,183
22,59.8802,189
22,59.8802,183
22,59.8802,148
22,59.8802,200
22,59.8802,185
22,59.8802,146
22,60.2172,184
22,60.2172,183
22,60.2172,192
22,60.2172,188
22,60.2172,183
22,60.2172,186
22,60.2172,184
22,60.2172,186
22,60.2172,182
22,60.2172,188
22,60.2172,182
22,60.2172,143
22,60.2172,187
22,60.2172,185
22,60.2172,191
22,60.2172,195
22,60.2172,181
22,60.2172,186
22,60.2172,191
22,60.2172,145
22,60.2172,150
22,60.2172,183
22,60.2172,182
22,60.2172,180
22,60.2172,189
22,60.2172,181
22,60.2172,185
22,60.2172,186
22,60.2172,185
22,60.2172,187
22,60.2172,182
22,59.8039,181
22,59.8039,191
22,59.8039,145
22,59.8039,188
22,59.8039,183
22,59.8039,182
22,59.8039,184
22,59.8039,181
22,59.8039,150
22,59.8039,184
22,59.8039,181
22,59.8039,537
22,59.8039,194
22,59.8039,134
22,59.8039,146
22,59.8039,188
22,59.8039,179
22,59.8039,125
22,59.8039,176
22,59.8039,167
22,59.8039,230
22,59.8039,244
22,59.8039,192
22,59.8039,164
22,59.8039,194
22,59.8039,125
22,59.8039,176
22,59.8039,237
22,59.8039,172
22,59.8039,146
22,60.2172,170
22,60.2172,120
22,60.2172,91
22,60.2172,139
22,60.2172,141
22,60.2172,206
22,60.2172,267
22,60.2172,283
22,60.2172,171
22,60.2172,301
22,60.2172,171
22,60.2172,314
22,60.2172,171
22,60.2172,249
22,60.2172,171
22,60.2172,139
22,60.2172,87
22,60.2172,110
22,60.2172,119
22,60.2172,141
22,60.2172,225
22,60.2172,160
22,60.2172,105
22,60.2172,168
22,60.2172,196
22,60.2172,117
22,60.2172,219
22,60.2172,202
22,60.2172,126
22,60.2172,158
22,60.2172,260
22,59.8039,301
22,59.8039,144
22,59.8039,80
22,59.8039,145
22,59.8039,150
22,59.8039,131
22,59.8039,166
22,59.8039,165
22,59.8039,143
22,59.8039,132
22,59.8039,113
22,59.8039,108
22,59.8039,128
22,59.8039,117
22,59.8039,128
22,59.8039,127
22,59.8039,133
22,59.8039,139
22,59.8039,123
22,59.8039,124
22,59.8039,111
22,59.8039,135
22,59.8039,148
22,59.8039,130
22,59.8039,143
22,59.8039,137
22,59.8039,159
22,59.8039,133
22,59.8039,122
22,59.8039,96
22,60.1578,209
22,60.1578,245
22,60.1578,191
22,60.1578,191
22,60.1578,150
22,60.1578,136
22,60.1578,138
22,60.1578,190
22,60.1578,193
22,60.1578,304
22,60.1578,245
22,60.1578,243
22,60.1578,177
22,60.1578,181
22,60.1578,155
22,60.1578,178
22,60.1578,107
22,60.1578,161
22,60.1578,144
22,60.1578,156
22,60.1578,152
22,60.1578,146
22,60.1578,123
22,60.1578,178
22,60.1578,150
22,60.1578,150
22,60.1578,129
22,60.1578,146
22,60.1578,158
22,60.1578,132
22,59.8205,142
22,59.8205,135
22,59.8205,130
22,59.8205,150
22,59.8205,196
22,59.8205,195
22,59.8205,194
22,59.8205,173
22,59.8205,172
22,59.8205,223
22,59.8205,234
22,59.8205,113
22,59.8205,226
22,59.8205,230
22,59.8205,183
22,59.8205,140
22,59.8205,130
22,59.8205,120
22,59.8205,227
22,59.8205,265
44,59.8205,198
44,59.8205,183
44,59.8205,362
44,59.8205,377
44,59.8205,285
44,59.8205,267
44,59.8205,188
44,59.8205,189
44,59.8205,371
44,56.1576,334
44,56.1576,334
44,56.1576,290
44,56.1576,311
44,56.1576,379
44,56.1576,476
44,56.1576,561
44,56.1576,498
44,56.1576,329
44,56.1576,306
44,56.1576,297
44,56.1576,204
44,56.1576,465
44,56.1576,394
44,56.1576,228
44,56.1576,248
44,56.1576,206
44,56.1576,291
44,56.1576,214
44,56.1576,349
44,56.1576,385
44,56.1576,334
44,56.1576,371
44,56.1576,187
44,56.1576,280
44,56.1576,393
44,56.1576,360
44,56.1576,512
44,56.1576,421
44,56.1576,328
44,60.0985,235
44,60.0985,388
44,60.0985,387
44,60.0985,305
44,60.0985,286
44,60.0985,249
44,60.0985,278
44,60.0985,436
44,60.0985,414
44,60.0985,205
44,60.0985,308
44,60.0985,499
44,60.0985,439
44,60.0985,317
44,60.0985,496
44,60.0985,453
44,60.0985,325
44,60.0985,217
44,60.0985,237
44,60.0985,244
44,60.0985,182
44,60.0985,249
44,60.0985,546
44,60.0985,249
44,60.0985,230
44,60.0985,439
44,60.0985,535
44,60.0985,368
44,60.0985,277
44,60.0985,491
44,60.0985,407
44,59.8039,430
44,59.8039,519
44,59.8039,429
44,59.8039,235
44,59.8039,200
44,59.8039,210
44,59.8039,210
44,59.8039,355
44,59.8039,441
44,59.8039,210
44,59.8039,319
44,59.8039,480
44,59.8039,284
44,59.8039,207
44,59.8039,202
44,59.8039,237
44,59.8039,176
44,59.8039,244
44,59.8039,439
44,59.8039,460
44,59.8039,541
44,59.8039,480
44,59.8039,416
44,59.8039,470
44,59.8039,457
44,59.8039,417
44,59.8039,384
44,59.8039,374
44,59.8039,435
44,59.8039,237
44,59.9214,220
44,59.9214,206
44,59.9214,255
44,59.9214,207
44,59.9214,206
44,59.9214,202
44,59.9214,188
44,59.9214,202
44,59.9214,438
44,59.9214,408
44,59.9214,305
44,59.9214,310
44,59.9214,209
44,59.9214,267
44,59.9214,210
44,59.9214,460
44,59.9214,421
44,59.9214,308
44,59.9214,362
44,59.9214,373
44,59.9214,430
44,59.9214,460
44,59.9214,246
44,59.9214,230
44,59.9214,218
44,59.9214,318
44,59.9214,529
44,59.9214,233
44,59.9214,351
44,59.9214,218
44,59.9214,257
44,60.1578,214
44,60.1578,211
44,60.1578,304
44,60.1578,210
44,60.1578,239
44,60.1578,248
44,60.1578,251
44,60.1578,552
44,60.1578,318
44,60.1578,354
44,60.1578,347
44,60.1578,240
44,60.1578,242
44,60.1578,559
44,60.1578,364
44,60.1578,476
44,60.1578,472
44,60.1578,238
44,60.1578,393
44,60.1578,312
44,60.1578,344
44,60.1578,477
44,60.1578,212
44,60.1578,222
44,60.1578,245
44,60.1578,320
44,60.1578,221
44,60.1578,408
44,60.1578,258
44,60.1578,235
44,59.9214,213
44,59.9214,229
44,59.9214,249
44,59.9214,219
44,59.9214,357
44,59.9214,245
44,59.9214,220
44,59.9214,269
44,59.9214,210
44,59.9214,194
44,59.9214,215
44,59.9214,374
44,59.9214,228
44,59.9214,190
44,59.9214,239
44,59.9214,265
44,59.9214,207
44,59.9214,234
44,59.9214,229
44,59.9214,240
44,59.9214,445
44,59.9214,248
44,59.9214,215
44,59.9214,387
44,59.9214,391
44,59.9214,248
44,59.9214,243
44,59.9214,234
44,59.9214,332
44,59.9214,381
44,59.9214,369
44,59.9803,379
44,59.9803,309
44,59.9803,341
44,59.9803,232
44,59.9803,320
44,59.9803,235
44,59.9803,214
44,59.9803,575
44,59.9803,291
44,59.9803,218
44,59.9803,249
44,59.9803,216
44,59.9803,219
44,59.9803,200
44,59.9803,257
44,59.9803,249
44,59.9803,390
44,59.9803,350
44,59.9803,421
44,59.9803,409
44,59.9803,327
44,59.9803,256
44,59.9803,244
44,59.9803,231
44,59.9803,222
44,59.9803,446
44,59.9803,386
44,59.9803,242
44,59.9803,383
44,59.9803,429
44,60.2767,250
44,60.2767,356
44,60.2767,250
44,60.2767,276
44,60.2767,243
44,60.2767,210
44,60.2767,218
44,60.2767,462
44,60.2767,382
44,60.2767,236
44,60.2767,209
44,60.2767,257
44,60.2767,243
44,60.2767,278
44,60.2767,211
44,60.2767,210
44,60.2767,217
44,60.2767,221
44,60.2767,241
44,60.2767,237
44,60.2767,203
44,60.2767,404
44,60.2767,234
44,60.2767,203
44,60.2767,201
44,60.2767,233
44,60.2767,308
44,60.2767,294
44,60.2767,316
44,60.2767,208
44,59.761,243
44,59.761,230
44,59.761,206
44,59.761,206
44,59.761,359
44,59.761,367
44,59.761,315
44,59.761,336
44,59.761,308
44,59.761,450
44,59.761,324
44,59.761,199
44,59.761,243
44,59.761,488
44,59.761,566
44,59.761,430
44,59.761,318
44,59.761,242
44,59.761,239
44,59.761,256
44,59.761,216
44,59.761,215
44,59.761,332
44,59.761,306
44,59.761,236
44,59.761,368
44,59.761,495
44,59.761,239
44,59.761,224
44,59.761,233
44,59.761,215
44,60.2172,234
44,60.2172,260
44,60.2172,239
44,60.2172,233
44,60.2172,254
44,60.2172,401
44,60.2172,303
44,60.2172,214
44,60.2172,484
44,60.2172,315
44,60.2172,307
44,60.2172,419
44,60.2172,300
44,60.2172,185
44,60.2172,199
44,60.2172,302
44,60.2172,313
44,60.2172,195
44,60.2172,352
44,60.2172,185
44,60.2172,196
44,60.2172,261
44,60.2172,279
44,60.2172,349
44,60.2172,133
44,60.2172,234
44,60.2172,244
44,60.2172,215
44,60.2172,238
44,58.8822,300
44,58.8822,497
44,58.8822,384
44,58.8822,387
44,58.8822,244
44,58.8822,237
44,58.8822,226
44,58.8822,232
44,58.8822,435
44,58.8822,230
44,58.8822,191
44,58.8822,139
44,58.8822,192
44,58.8822,353
44,58.8822,227
44,58.8822,380
44,58.8822,286
44,58.8822,506
44,58.8822,458
44,58.8822,211
44,58.8822,268
44,58.8822,207
44,58.8822,354
44,58.8822,311
44,58.8822,240
44,58.8822,405
44,58.8822,570
44,58.8822,362
44,58.8822,325
44,58.8822,328
44,59.8802,328
44,59.8802,290
44,59.8802,242
44,59.8802,264
44,59.8802,197
44,59.8802,254
44,59.8802,558
44,59.8802,230
44,59.8802,219
44,59.8802,211
44,59.8802,358
44,59.8802,313
44,59.8802,453
44,59.8802,259
44,59.8802,485
44,59.8802,206
44,59.8802,485
44,59.8802,418
44,59.8802,368
44,59.8802,201
44,59.8802,346
44,59.8802,349
44,59.8802,344
44,59.8802,313
44,59.8802,302
44,59.8802,192
44,59.8802,303
44,59.8802,352
44,59.8802,313
44,59.8802,246
44,59.8802,195
44,60.3363,262
44,60.3363,231
44,60.3363,411
44,60.3363,321
44,60.3363,504
44,60.3363,248
44,60.3363,242
44,60.3363,194
44,60.3363,243
44,60.3363,236
44,60.3363,349
44,60.3363,236
44,60.3363,234
44,60.3363,175
44,60.3363,236
44,60.3363,232
44,60.3363,249
44,60.3363,203
44,60.3363,205
44,60.3363,207
44,60.3363,128
44,60.3363,183
44,60.3363,243
44,60.3363,237
44,60.3363,206
44,60.3363,245
44,60.3363,346
66,60.3363,335
66,60.3363,435
66,57.7114,538
66,57.7114,302
66,57.7114,594
66,57.7114,618
66,57.7114,543
66,57.7114,275
66,57.7114,243
66,57.7114,243
66,57.7114,290
66,57.7114,611
66,57.7114,252
66,57.7114,344
66,57.7114,379
66,57.7114,347
66,57.7114,343
66,57.7114,361
66,57.7114,567
66,57.7114,612
66,57.7114,704
66,57.7114,362
66,57.7114,341
66,57.7114,699
66,57.7114,366
66,57.7114,336
66,57.7114,428
66,57.7114,343
66,57.7114,324
66,57.7114,348
66,57.7114,290
66,57.7114,313
66,57.7114,398
66,61.0837,644
66,61.0837,388
66,61.0837,271
66,61.0837,294
66,61.0837,215
66,61.0837,618
66,61.0837,376
66,61.0837,345
66,61.0837,588
66,61.0837,344
66,61.0837,238
66,61.0837,389
66,61.0837,288
66,61.0837,503
66,61.0837,299
66,61.0837,280
66,61.0837,522
66,61.0837,372
66,61.0837,303
66,61.0837,600
66,61.0837,543
66,61.0837,331
66,61.0837,299
66,61.0837,275
66,61.0837,426
66,61.0837,241
66,61.0837,670
66,61.0837,555
66,61.0837,549
66,61.0837,616
66,59.8205,572
66,59.8205,371
66,59.8205,342
66,59.8205,613
66,59.8205,575
66,59.8205,575
66,59.8205,516
66,59.8205,601
66,59.8205,585
66,59.8205,278
66,59.8205,292
66,59.8205,348
66,59.8205,353
66,59.8205,337
66,59.8205,344
66,59.8205,327
66,59.8205,643
66,59.8205,378
66,59.8205,343
66,59.8205,279
66,59.8205,269
66,59.8205,570
66,59.8205,590
66,59.8205,328
66,59.8205,296
66,59.8205,295
66,59.8205,288
66,59.8205,249
66,59.8205,253
66,59.8205,347
66,60.0985,329
66,60.0985,337
66,60.0985,275
66,60.0985,290
66,60.0985,301
66,60.0985,318
66,60.0985,336
66,60.0985,430
66,60.0985,518
66,60.0985,347
66,60.0985,304
66,60.0985,324
66,60.0985,387
66,60.0985,336
66,60.0985,276
66,60.0985,331
66,60.0985,287
66,60.0985,660
66,60.0985,329
66,60.0985,369
66,60.0985,710
66,60.0985,332
66,60.0985,292
66,60.0985,302
66,60.0985,291
66,60.0985,287
66,60.0985,578
66,60.0985,636
66,60.0985,656
66,60.0985,627
66,60.0985,326
66,60.0394,329
66,60.0394,340
66,60.0394,334
66,60.0394,335
66,60.0394,396
66,60.0394,336
66,60.0394,504
66,60.0394,561
66,60.0394,333
66,60.0394,269
66,60.0394,263
66,60.0394,579
66,60.0394,304
66,60.0394,535
66,60.0394,368
66,60.0394,298
66,60.0394,306
66,60.0394,362
66,60.0394,360
66,60.0394,624
66,60.0394,579
66,60.0394,343
66,60.0394,569
66,60.0394,482
66,60.0394,628
66,60.0394,460
66,60.0394,343
66,60.0394,754
66,60.0394,698
66,60.0394,330
66,60.1578,757
66,60.1578,328
66,60.1578,276
66,60.1578,308
66,60.1578,283
66,60.1578,294
66,60.1578,349
66,60.1578,638
66,60.1578,321
66,60.1578,641
66,60.1578,383
66,60.1578,345
66,60.1578,710
66,60.1578,332
66,60.1578,341
66,60.1578,321
66,60.1578,306
66,60.1578,402
66,60.1578,314
66,60.1578,319
66,60.1578,358
66,60.1578,562
66,60.1578,647
66,60.1578,554
66,60.1578,360
66,60.1578,312
66,60.1578,289
66,60.1578,293
66,60.1578,342
66,60.1578,335
66,59.761,339
66,59.761,597
66,59.761,567
66,59.761,565
66,59.761,727
66,59.761,613
66,59.761,335
66,59.761,332
66,59.761,290
66,59.761,344
66,59.761,384
66,59.761,335
66,59.761,326
66,59.761,299
66,59.761,448
66,59.761,284
66,59.761,267
66,59.761,339
66,59.761,405
66,59.761,294
66,59.761,363
66,59.761,387
66,59.761,290
66,59.761,402
66,59.761,515
66,59.761,457
66,59.761,481
66,59.761,295
66,59.761,353
66,59.761,270
66,59.761,634
66,59.8626,587
66,59.8626,594
66,59.8626,287
66,59.8626,271
66,59.8626,353
66,59.8626,332
66,59.8626,316
66,59.8626,271
66,59.8626,255
66,59.8626,346
66,59.8626,547
66,59.8626,576
66,59.8626,514
66,59.8626,258
66,59.8626,337
66,59.8626,762
66,59.8626,323
66,59.8626,351
66,59.8626,303
66,59.8626,353
66,59.8626,332
66,59.8626,349
66,59.8626,330
66,59.8626,638
66,59.8626,687
66,59.8626,574
66,59.8626,407
66,59.8626,332
66,59.8626,404
66,59.8626,446
66,60.0985,726
66,60.0985,788
66,60.0985,388
66,60.0985,597
66,60.0985,324
66,60.0985,349
66,60.0985,400
66,60.0985,701
66,60.0985,414
66,60.0985,292
66,60.0985,374
66,60.0985,441
66,60.0985,496
66,60.0985,472
66,60.0985,703
66,60.0985,400
66,60.0985,309
66,60.0985,419
66,60.0985,289
66,60.0985,282
66,60.0985,310
66,60.0985,324
66,60.0985,323
66,60.0985,356
66,60.0985,350
66,60.0985,368
66,60.0985,286
66,60.0985,683
66,60.0985,680
66,60.0985,596
66,60.0985,589
66,60.0394,571
66,60.0394,608
66,60.0394,636
66,60.0394,303
66,60.0394,266
66,60.0394,297
66,60.0394,324
66,60.0394,516
66,60.0394,441
66,60.0394,277
66,60.0394,291
66,60.0394,300
66,60.0394,289
66,60.0394,341
66,60.0394,454
66,60.0394,284
66,60.0394,352
66,60.0394,414
66,60.0394,300
66,60.0394,337
66,60.0394,310
66,60.0394,321
66,60.0394,341
66,60.0394,328
66,60.0394,474
66,60.0394,522
66,60.0394,494
66,60.0394,213
66,60.0394,323
66,60.0394,265
66,60.1578,321
66,60.1578,278
66,60.1578,309
66,60.1578,287
66,60.1578,376
66,60.1578,437
66,60.1578,242
66,60.1578,377
66,60.1578,469
66,60.1578,491
66,60.1578,332
66,60.1578,440
66,60.1578,328
66,60.1578,684
66,60.1578,689
66,60.1578,358
66,60.1578,478
66,60.1578,271
66,60.1578,583
66,60.1578,429
66,60.1578,338
66,60.1578,309
66,60.1578,536
66,60.1578,309
66,60.1578,186
66,60.1578,420
66,60.1578,442
66,60.1578,394
66,60.1578,354
66,60.1578,324
66,59.8205,271
66,59.8205,275
66,59.8205,281
66,59.8205,350
66,59.8205,347
66,59.8205,410
66,59.8205,297
66,59.8205,322
66,59.8205,303
66,59.8205,465
66,59.8205,333
66,59.8205,466
66,59.8205,341
66,59.8205,317
66,59.8205,303
66,59.8205,352
66,59.8205,461
66,59.8205,407
66,59.8205,336
66,59.8205,359
66,59.8205,365
66,59.8205,565
66,59.8205,521
66,59.8205,508
66,59.8205,385
66,59.8205,432
66,59.8205,306
66,59.8205,259
66,59.8205,638
66,59.8205,625
66,59.8205,344
66,60.1578,572
66,60.1578,510
66,60.1578,545
66,60.1578,562
66,60.1578,341
66,60.1578,336
66,60.1578,332
66,60.1578,303
66,60.1578,333
66,60.1578,336
66,60.1578,339
66,60.1578,320
66,60.1578,760
66,60.1578,597
66,60.1578,550
66,60.1578,433
66,60.1578,366
66,60.1578,410
66,60.1578,319
66,60.1578,669
66,60.1578,416
66,60.1578,602
66,60.1578,332
66,60.1578,454
66,60.1578,322
66,60.1578,553
66,60.1578,297
66,60.1578,340
66,60.1578,340
66,60.1578,340
66,60.0985,329
66,60.0985,400
66,60.0985,351
88,60.0985,281
88,60.0985,658
88,60.0985,973
88,60.0985,291
88,60.0985,655
88,60.0985,512
88,60.0985,372
88,60.0985,388
88,60.0985,834
88,60.0985,810
88,60.0985,453
88,60.0985,457
88,60.0985,480
88,60.0985,457
88,60.0985,539
88,60.0985,853
88,60.0985,662
88,60.0985,910
88,60.0985,758
88,60.0985,787
88,60.0985,781
88,60.0985,769
88,60.0985,785
88,60.0985,413
88,60.0985,471
88,60.0985,379
88,60.0985,470
88,57.9568,460
88,57.9568,870
88,57.9568,449
88,57.9568,498
88,57.9568,389
88,57.9568,860
88,57.9568,630
88,57.9568,606
88,57.9568,793
88,57.9568,818
88,57.9568,567
88,57.9568,974
88,57.9568,785
88,57.9568,398
88,57.9568,454
88,57.9568,396
88,57.9568,380
88,57.9568,391
88,57.9568,470
88,57.9568,514
88,57.9568,352
88,57.9568,934
88,57.9568,693
88,57.9568,775
88,57.9568,609
88,57.9568,508
88,57.9568,532
88,57.9568,398
88,57.9568,438
88,57.9568,369
88,59.8039,365
88,59.8039,375
88,59.8039,347
88,59.8039,402
88,59.8039,392
88,59.8039,396
88,59.8039,459
88,59.8039,543
88,59.8039,553
88,59.8039,557
88,59.8039,667
88,59.8039,628
88,59.8039,859
88,59.8039,416
88,59.8039,777
88,59.8039,434
88,59.8039,780
88,59.8039,851
88,59.8039,780
88,59.8039,445
88,59.8039,856
88,59.8039,468
88,59.8039,407
88,59.8039,517
88,59.8039,545
88,59.8039,723
88,59.8039,864
88,59.8039,812
88,59.8039,493
88,59.8039,376
88,59.8039,711
88,60.2172,393
88,60.2172,427
88,60.2172,410
88,60.2172,419
88,60.2172,410
88,60.2172,486
88,60.2172,458
88,60.2172,573
88,60.2172,404
88,60.2172,694
88,60.2172,517
88,60.2172,660
88,60.2172,630
88,60.2172,660
88,60.2172,913
88,60.2172,767
88,60.2172,823
88,60.2172,772
88,60.2172,839
88,60.2172,436
88,60.2172,478
88,60.2172,455
88,60.2172,512
88,60.2172,824
88,60.2172,564
88,60.2172,494
88,60.2172,430
88,60.2172,414
88,60.2172,618
88,60.2172,504
88,59.8626,375
88,59.8626,382
88,59.8626,758
88,59.8626,786
88,59.8626,464
88,59.8626,407
88,59.8626,391
88,59.8626,509
88,59.8626,474
88,59.8626,520
88,59.8626,529
88,59.8626,461
88,59.8626,527
88,59.8626,488
88,59.8626,728
88,59.8626,544
88,59.8626,930
88,59.8626,930
88,59.8626,654
88,59.8626,455
88,59.8626,453
88,59.8626,398
88,59.8626,433
88,59.8626,454
88,59.8626,846
88,59.8626,874
88,59.8626,392
88,59.8626,374
88,59.8626,438
88,59.8626,410
88,59.9401,459
88,59.9401,392
88,59.9401,440
88,59.9401,777
88,59.9401,470
88,59.9401,455
88,59.9401,336
88,59.9401,446
88,59.9401,478
88,59.9401,444
88,59.9401,376
88,59.9401,370
88,59.9401,475
88,59.9401,371
88,59.9401,492
88,59.9401,423
88,59.9401,361
88,59.9401,737
88,59.9401,786
88,59.9401,820
88,59.9401,379
88,59.9401,392
88,59.9401,456
88,59.9401,439
88,59.9401,370
88,59.9401,978
88,59.9401,591
88,59.9401,419
88,59.9401,509
88,59.9401,547
88,59.9401,475
88,60.2172,465
88,60.2172,764
88,60.2172,795
88,60.2172,441
88,60.2172,799
88,60.2172,766
88,60.2172,384
88,60.2172,370
88,60.2172,453
88,60.2172,468
88,60.2172,448
88,60.2172,531
88,60.2172,507
88,60.2172,775
88,60.2172,613
88,60.2172,545
88,60.2172,800
88,60.2172,860
88,60.2172,871
88,60.2172,901
88,60.2172,785
88,60.2172,435
88,60.2172,420
88,60.2172,461
88,60.2172,387
88,60.2172,785
88,60.2172,483
88,60.2172,433
88,60.2172,613
88,60.2172,914
88,59.761,639
88,59.761,826
88,59.761,928
88,59.761,903
88,59.761,484
88,59.761,691
88,59.761,382
88,59.761,798
88,59.761,463
88,59.761,389
88,59.761,377
88,59.761,461
88,59.761,468
88,59.761,523
88,59.761,928
88,59.761,801
88,59.761,461
88,59.761,383
88,59.761,437
88,59.761,416
88,59.761,768
88,59.761,766
88,59.761,414
88,59.761,382
88,59.761,461
88,59.761,503
88,59.761,361
88,59.761,456
88,59.761,505
88,59.761,471
88,60.2172,549
88,60.2172,445
88,60.2172,484
88,60.2172,831
88,60.2172,761
88,60.2172,758
88,60.2172,781
88,60.2172,810
88,60.2172,521
88,60.2172,427
88,60.2172,375
88,60.2172,345
88,60.2172,825
88,60.2172,464
88,60.2172,460
88,60.2172,467
88,60.2172,562
88,60.2172,661
88,60.2172,498
88,60.2172,796
88,60.2172,539
88,60.2172,913
88,60.2172,460
88,60.2172,417
88,60.2172,371
88,60.2172,379
88,60.2172,815
88,60.2172,369
88,60.2172,429
88,60.2172,456
88,60.2172,461
88,59.9803,535
88,59.9803,788
88,59.9803,745
88,59.9803,762
88,59.9803,434
88,59.9803,463
88,59.9803,780
88,59.9803,838
88,59.9803,407
88,59.9803,785
88,59.9803,455
88,59.9803,440
88,59.9803,439
88,59.9803,388
88,59.9803,500
88,59.9803,448
88,59.9803,451
88,59.9803,569
88,59.9803,641
88,59.9803,578
88,59.9803,495
88,59.9803,524
88,59.9803,652
88,59.9803,511
88,59.9803,370
88,59.9803,365
88,59.9803,365
88,59.9803,535
88,59.9803,406
88,59.9803,416
88,60.0985,455
88,60.0985,458
88,60.0985,526
88,60.0985,646
88,60.0985,573
88,60.0985,631
88,60.0985,430
88,60.0985,401
88,60.0985,474
88,60.0985,339
88,60.0985,424
88,60.0985,777
88,60.0985,771
88,60.0985,778
88,60.0985,447
88,60.0985,453
88,60.0985,449
88,60.0985,466
88,60.0985,889
88,60.0985,602
88,60.0985,618
88,60.0985,669
88,60.0985,504
88,60.0985,694
88,60.0985,384
88,60.0985,431
88,60.0985,422
88,60.0985,436
88,60.0985,428
88,60.0985,436
88,60.0985,449
88,59.9214,768
88,59.9214,919
88,59.9214,424
88,59.9214,528
88,59.9214,565
88,59.9214,642
88,59.9214,648
88,59.9214,470
88,59.9214,889
88,59.9214,737
88,59.9214,497
88,59.9214,391
88,59.9214,438
88,59.9214,783
88,59.9214,449
88,59.9214,452
88,59.9214,457
88,59.9214,442
88,59.9214,477
88,59.9214,547
88,59.9214,674
88,59.9214,690
88,59.9214,583
88,59.9214,482
88,59.9214,419
88,59.9214,900
88,59.9214,571
88,59.9214,417
88,59.9214,392
88,59.9214,783
88,59.761,407
88,59.761,400
88,59.761,459
88,59.761,369
88,59.761,786
88,59.761,582
88,59.761,469
88,59.761,678
88,59.761,771
88,59.761,829
88,59.761,513
88,59.761,560
88,59.761,424
88,59.761,448
88,59.761,459
88,59.761,429
88,59.761,469
88,59.761,450
88,59.761,460
88,59.761,386
88,59.761,457
88,59.761,503
88,59.761,619
88,59.761,763
88,59.761,876
88,59.761,474
88,59.761,473
88,59.761,779
88,59.761,455
88,59.761,783
88,60.3363,782
88,60.3363,463
88,60.3363,437
88,60.3363,448
88,60.3363,397
88,60.3363,480
88,60.3363,459
88,60.3363,578
88,60.3363,498
110,60.3363,373
110,60.3363,537
110,60.3363,525
110,60.3363,832
110,60.3363,960
110,60.3363,961
110,60.3363,915
110,60.3363,562
110,60.3363,469
110,60.3363,558
110,60.3363,565
110,60.3363,557
110,60.3363,607
110,60.3363,573
110,60.3363,831
110,60.3363,1020
110,60.3363,687
110,60.3363,763
110,60.3363,628
110,60.3363,622
110,60.3363,494
110,57.9568,993
110,57.9568,512
110,57.9568,484
110,57.9568,512
110,57.9568,579
110,57.9568,650
110,57.9568,505
110,57.9568,495
110,57.9568,571
110,57.9568,682
110,57.9568,545
110,57.9568,556
110,57.9568,525
110,57.9568,564
110,57.9568,557
110,57.9568,1015
110,57.9568,457
110,57.9568,539
110,57.9568,558
110,57.9568,563
110,57.9568,949
110,57.9568,511
110,57.9568,563
110,57.9568,1240
110,57.9568,640
110,57.9568,772
110,57.9568,773
110,57.9568,803
110,57.9568,689
110,57.9568,656
110,60.0985,665
110,60.0985,555
110,60.0985,556
110,60.0985,561
110,60.0985,571
110,60.0985,702
110,60.0985,531
110,60.0985,476
110,60.0985,548
110,60.0985,493
110,60.0985,558
110,60.0985,750
110,60.0985,556
110,60.0985,564
110,60.0985,619
110,60.0985,1034
110,60.0985,1087
110,60.0985,1059
110,60.0985,475
110,60.0985,480
110,60.0985,489
110,60.0985,578
110,60.0985,566
110,60.0985,1063
110,60.0985,568
110,60.0985,475
110,60.0985,484
110,60.0985,547
110,60.0985,556
110,60.0985,991
110,60.0985,876
110,59.6869,889
110,59.6869,927
110,59.6869,550
110,59.6869,498
110,59.6869,528
110,59.6869,564
110,59.6869,575
110,59.6869,576
110,59.6869,541
110,59.6869,565
110,59.6869,551
110,59.6869,573
110,59.6869,957
110,59.6869,698
110,59.6869,428
110,59.6869,482
110,59.6869,549
110,59.6869,682
110,59.6869,497
110,59.6869,483
110,59.6869,518
110,59.6869,543
110,59.6869,559
110,59.6869,552
110,59.6869,557
110,59.6869,621
110,59.6869,678
110,59.6869,842
110,59.6869,547
110,59.6869,681
110,60.2767,700
110,60.2767,797
110,60.2767,627
110,60.2767,1089
110,60.2767,573
110,60.2767,508
110,60.2767,991
110,60.2767,983
110,60.2767,575
110,60.2767,481
110,60.2767,473
110,60.2767,539
110,60.2767,479
110,60.2767,641
110,60.2767,570
110,60.2767,464
110,60.2767,639
110,60.2767,472
110,60.2767,533
110,60.2767,738
110,60.2767,485
110,60.2767,965
110,60.2767,962
110,60.2767,549
110,60.2767,721
110,60.2767,681
110,60.2767,461
110,60.2767,558
110,60.2767,959
110,60.2767,1054
110,60.2767,789
110,59.9214,980
110,59.9214,641
110,59.9214,932
110,59.9214,584
110,59.9214,667
110,59.9214,508
110,59.9214,514
110,59.9214,960
110,59.9214,574
110,59.9214,577
110,59.9214,555
110,59.9214,574
110,59.9214,951
110,59.9214,549
110,59.9214,769
110,59.9214,637
110,59.9214,736
110,59.9214,619
110,59.9214,644
110,59.9214,665
110,59.9214,1102
110,59.9214,986
110,59.9214,500
110,59.9214,592
110,59.9214,472
110,59.9214,550
110,59.9214,478
110,59.9214,492
110,59.9214,618
110,59.9214,513
110,60.0985,665
110,60.0985,721
110,60.0985,782
110,60.0985,734
110,60.0985,651
110,60.0985,992
110,60.0985,572
110,60.0985,829
110,60.0985,967
110,60.0985,1024
110,60.0985,596
110,60.0985,462
110,60.0985,527
110,60.0985,494
110,60.0985,706
110,60.0985,568
110,60.0985,556
110,60.0985,470
110,60.0985,556
110,60.0985,550
110,60.0985,571
110,60.0985,455
110,60.0985,442
110,60.0985,555
110,60.0985,975
110,60.0985,501
110,60.0985,969
110,60.0985,952
110,60.0985,503
110,60.0985,434
110,59.9401,496
110,59.9401,518
110,59.9401,696
110,59.9401,790
110,59.9401,673
110,59.9401,614
110,59.9401,563
110,59.9401,642
110,59.9401,914
110,59.9401,498
110,59.9401,534
110,59.9401,484
110,59.9401,446
110,59.9401,507
110,59.9401,570
110,59.9401,501
110,59.9401,515
110,59.9401,506
110,59.9401,582
110,59.9401,822
110,59.9401,586
110,59.9401,539
110,59.9401,605
110,59.9401,984
110,59.9401,959
110,59.9401,988
110,59.9401,568
110,59.9401,981
110,59.9401,963
110,59.9401,963
110,59.9401,561
110,60.0394,587
110,60.0394,874
110,60.0394,437
110,60.0394,443
110,60.0394,325
110,60.0394,340
110,60.0394,983
110,60.0394,417
110,60.0394,363
110,60.0394,563
110,60.0394,399
110,60.0394,417
110,60.0394,1302
110,60.0394,505
110,60.0394,822
110,60.0394,777
110,60.0394,766
110,60.0394,998
110,60.0394,692
110,60.0394,550
110,60.0394,461
110,60.0394,742
110,60.0394,390
110,60.0394,764
110,60.0394,717
110,60.0394,662
110,60.0394,891
110,60.0394,508
110,60.0394,520
110,60.0394,804
110,60.0394,1102
110,60.0394,763
110,60.0394,520
110,60.0394,915
110,60.0394,755
110,69.3069,457
110,69.3069,401
110,69.3069,505
110,69.3069,626
110,69.3069,509
110,69.3069,964
110,69.3069,756
110,69.3069,970
110,69.3069,872
110,69.3069,799
110,69.3069,490
110,69.3069,860
110,69.3069,366
110,69.3069,594
110,69.3069,490
110,69.3069,514
110,69.3069,838
110,69.3069,364
110,69.3069,928
110,69.3069,945
110,69.3069,933
110,69.3069,581
110,69.3069,540
110,69.3069,1159
110,69.3069,919
110,69.3069,577
110,69.3069,956
110,69.3069,518
110,69.3069,775
110,69.3069,1297
110,69.3069,545
110,69.3069,516
110,69.3069,1221
110,69.3069,504
110,69.3069,1091
110,69.3069,522
110,69.3069,591
110,69.3069,993
110,69.3069,757
110,69.3069,441
110,69.3069,892
110,69.3069,1076
110,69.3069,525
110,69.3069,1027
110,69.3069,748
110,69.3069,606
110,69.3069,963
110,69.3069,559
110,69.3069,398
110,69.3069,776
110,69.3069,946
110,69.3069,994
110,69.3069,961
110,69.3069,571
110,69.3069,477
110,69.3069,573
110,69.3069,537
110,69.3069,523
110,69.3069,488
110,69.3069,740
110,69.3069,712
110,69.3069,1045
110,69.3069,679
110,69.3069,963
110,69.3069,946
110,69.3069,507
110,69.3069,434
110,69.3069,426
110,65.2174,544
110,65.2174,665
110,65.2174,572
110,65.2174,472
110,65.2174,330
110,65.2174,341
110,65.2174,542
110,65.2174,543
110,65.2174,779
110,65.2174,629
110,65.2174,1085
110,65.2174,395
110,65.2174,628
110,65.2174,819
110,65.2174,510
110,65.2174,1150
110,65.2174,505
110,65.2174,504
110,65.2174,560
110,65.2174,510
110,65.2174,472
110,65.2174,561
110,65.2174,776
110,65.2174,615
110,65.2174,612
110,65.2174,503
110,65.2174,750
110,65.2174,323
110,65.2174,758
110,65.2174,719
110,65.2174,831
110,65.2174,681
110,65.2174,785
110,65.2174,519
110,67.7291,514
110,67.7291,1300
110,67.7291,1161
110,67.7291,511
110,67.7291,1141
110,67.7291,1043
110,67.7291,845
110,67.7291,518
110,67.7291,771
110,67.7291,496
110,67.7291,692
110,67.7291,416
110,67.7291,400
110,67.7291,789
110,67.7291,370
110,67.7291,517
110,67.7291,549
110,67.7291,750
110,67.7291,699
110,67.7291,525
110,67.7291,803
110,67.7291,1243
110,67.7291,781
110,67.7291,771
110,67.7291,980
110,67.7291,515
110,67.7291,514
110,67.7291,749
110,67.7291,521
132,67.7291,404
132,67.7291,822
132,67.7291,1077
132,67.7291,633
132,67.7291,644
132,68.9311,960
132,68.9311,1140
132,68.9311,676
132,68.9311,1090
132,68.9311,1239
132,68.9311,904
132,68.9311,855
132,68.9311,1065
132,68.9311,619
132,68.9311,672
132,68.9311,1082
132,68.9311,482
132,68.9311,614
132,68.9311,1004
132,68.9311,610
132,68.9311,908
132,68.9311,933
132,68.9311,1277
132,68.9311,414
132,68.9311,909
132,68.9311,960
132,68.9311,744
132,68.9311,718
132,68.9311,413
132,68.9311,619
132,68.9311,1258
132,68.9311,614
132,68.9311,718
132,68.9311,477
132,68.9311,798
132,68.9311,459
132,68.9311,586
132,68.9311,1027
132,68.9311,932
132,68.9311,681
132,69.7906,941
132,69.7906,600
132,69.7906,602
132,69.7906,1120
132,69.7906,804
132,69.7906,431
132,69.7906,618
132,69.7906,1304
132,69.7906,617
132,69.7906,1215
132,69.7906,714
132,69.7906,800
132,69.7906,907
132,69.7906,635
132,69.7906,469
132,69.7906,616
132,69.7906,832
132,69.7906,972
132,69.7906,393
132,69.7906,903
132,69.7906,1112
132,69.7906,1106
132,69.7906,961
132,69.7906,917
132,69.7906,603
132,69.7906,1140
132,69.7906,758
132,69.7906,734
132,69.7906,591
132,69.7906,613
132,69.7906,597
132,69.7906,709
132,69.7906,559
132,69.7906,1042
132,67.3267,985
132,67.3267,848
132,67.3267,404
132,67.3267,895
132,67.3267,903
132,67.3267,1293
132,67.3267,1363
132,67.3267,927
132,67.3267,915
132,67.3267,669
132,67.3267,427
132,67.3267,903
132,67.3267,716
132,67.3267,902
132,67.3267,1115
132,67.3267,843
132,67.3267,464
132,67.3267,1011
132,67.3267,674
132,67.3267,1505
132,67.3267,477
132,67.3267,903
132,67.3267,1194
132,67.3267,601
132,67.3267,902
132,67.3267,1176
132,67.3267,1042
132,67.3267,911
132,67.3267,620
132,67.3267,922
132,67.3267,901
132,67.3267,724
132,67.3267,725
132,67.3267,672
132,67.3267,486
132,67.3267,1090
132,70.5765,1441
132,70.5765,787
132,70.5765,767
132,70.5765,874
132,70.5765,912
132,70.5765,947
132,70.5765,901
132,70.5765,485
132,70.5765,1193
132,70.5765,597
132,70.5765,603
132,70.5765,532
132,70.5765,727
132,70.5765,617
132,70.5765,805
132,70.5765,778
132,70.5765,1218
132,70.5765,818
132,70.5765,1110
132,70.5765,1289
132,70.5765,1139
132,70.5765,1164
132,70.5765,672
132,70.5765,683
132,70.5765,627
132,70.5765,575
132,70.5765,701
132,70.5765,751
132,70.5765,738
132,70.5765,560
132,70.5765,845
132,61.2648,1358
132,61.2648,747
132,61.2648,896
132,61.2648,861
132,61.2648,1244
132,61.2648,1358
132,61.2648,1464
132,61.2648,1344
132,61.2648,1159
132,61.2648,949
132,61.2648,688
132,61.2648,806
132,61.2648,736
132,61.2648,864
132,61.2648,866
132,61.2648,757
132,61.2648,578
132,61.2648,938
132,61.2648,697
132,61.2648,1015
132,61.2648,803
132,61.2648,666
132,61.2648,647
132,61.2648,809
132,61.2648,566
132,61.2648,599
132,61.2648,1135
132,61.2648,1328
132,61.2648,711
132,61.2648,735
132,60.0394,547
132,60.0394,767
132,60.0394,923
132,60.0394,1022
132,60.0394,1184
132,60.0394,733
132,60.0394,690
132,60.0394,870
132,60.0394,675
132,60.0394,812
132,60.0394,918
132,60.0394,636
132,60.0394,529
132,60.0394,692
132,60.0394,861
132,60.0394,858
132,60.0394,737
132,60.0394,600
132,60.0394,600
132,60.0394,677
132,60.0394,604
132,60.0394,684
132,60.0394,707
132,60.0394,1092
132,60.0394,1090
132,60.0394,851
132,60.0394,1305
132,60.0394,750
132,60.0394,713
132,60.0394,521
132,60.0394,747
132,59.9803,842
132,59.9803,887
132,59.9803,854
132,59.9803,801
132,59.9803,981
132,59.9803,1211
132,59.9803,891
132,59.9803,708
132,59.9803,881
132,59.9803,840
132,59.9803,948
132,59.9803,779
132,59.9803,590
132,59.9803,661
132,59.9803,750
132,59.9803,713
132,59.9803,793
132,59.9803,604
132,59.9803,727
132,59.9803,673
132,59.9803,674
132,59.9803,878
132,59.9803,1284
132,59.9803,815
132,59.9803,618
132,59.9803,835
132,59.9803,689
132,59.9803,638
132,59.9803,1384
132,59.9803,687
132,59.9803,708
132,59.9803,564
132,59.9803,722
132,59.9803,739
132,59.9803,1233
132,59.9803,544
132,59.9803,879
132,59.9803,642
132,59.9803,1238
132,59.9803,1380
132,59.9803,1237
132,59.9803,1403
132,59.9803,1219
132,59.9803,1120
132,59.9803,1086
132,59.9803,1133
132,59.9803,1107
132,59.9803,1087
132,59.9803,709
132,59.9803,1179
132,59.9803,1174
132,59.9803,925
132,59.9803,1252
132,59.9803,1494
132,59.9803,1311
132,59.9803,782
132,59.9803,693
132,59.9803,704
132,59.9803,572
132,59.9803,1218
132,59.9803,618
132,60.0394,695
132,60.0394,800
132,60.0394,509
132,60.0394,727
132,60.0394,662
132,60.0394,670
132,60.0394,655
132,60.0394,1554
132,60.0394,972
132,60.0394,845
132,60.0394,918
132,60.0394,719
132,60.0394,766
132,60.0394,720
132,60.0394,596
132,60.0394,476
132,60.0394,584
132,60.0394,537
132,60.0394,545
132,60.0394,667
132,60.0394,763
132,60.0394,842
132,60.0394,898
132,60.0394,839
132,60.0394,892
132,60.0394,597
132,60.0394,1112
132,60.0394,1102
132,60.0394,1107
132,60.0394,1093
132,59.761,1119
132,59.761,542
132,59.761,508
132,59.761,481
132,59.761,1220
132,59.761,597
132,59.761,637
132,59.761,879
132,59.761,1064
132,59.761,774
132,59.761,694
132,59.761,591
132,59.761,1113
132,59.761,1120
132,59.761,893
132,59.761,584
132,59.761,683
132,59.761,863
132,59.761,778
132,59.761,514
132,59.761,956
132,59.761,900
132,59.761,1172
132,59.761,1111
132,59.761,1114
132,59.761,1115
132,59.761,1135
132,59.761,967
132,59.761,1176
132,59.761,1111
132,60.2767,1313
132,60.2767,1236
132,60.2767,1430
132,60.2767,1448
132,60.2767,690
132,60.2767,1240
132,60.2767,692
132,60.2767,622
132,60.2767,1439
132,60.2767,746
132,60.2767,1225
132,60.2767,1063
132,60.2767,977
132,60.2767,1039
132,60.2767,1534
132,60.2767,1163
132,60.2767,1099
132,60.2767,640
132,60.2767,1163
132,60.2767,556
132,60.2767,504
132,60.2767,496
132,60.2767,605
132,60.2767,760
132,60.2767,725
132,60.2767,588
132,60.2767,778
132,60.2767,1068
132,60.2767,1133
132,60.2767,1110
132,60.2767,1104
132,59.6869,1137
132,59.6869,1095
132,59.6869,1116
132,59.6869,619
132,59.6869,656
132,59.6869,1098
132,59.6869,722
132,59.6869,600
132,59.6869,633
132,59.6869,771
132,59.6869,543
132,59.6869,1112
132,59.6869,871
132,59.6869,645
132,59.6869,742
132,59.6869,1089
132,59.6869,1144
132,59.6869,1200
132,59.6869,1076
132,59.6869,1104
132,59.6869,708
132,59.6869,662
132,59.6869,696
132,59.6869,1134
132,59.6869,593
132,59.6869,1176
132,59.6869,1221
132,59.6869,1365
132,59.6869,787
132,59.6869,555
132,60.0985,757
132,60.0985,529
132,60.0985,1116
132,60.0985,1011
132,60.0985,980
132,60.0985,1152
132,60.0985,1119
132,60.0985,1100
132,60.0985,1128
132,60.0985,1104
132,60.0985,1105
132,60.0985,592
132,60.0985,1108
132,60.0985,786
132,60.0985,931
132,60.0985,700
154,60.0985,554
154,60.0985,1034
154,60.0985,818
154,60.0985,637
154,60.0985,641
154,60.0985,722
154,60.0985,1226
154,60.0985,1225
154,60.0985,1227
154,60.0985,936
154,60.0985,657
154,60.0985,803
154,60.0985,1227
154,60.0985,1494
154,57.9568,898
154,57.9568,1228
154,57.9568,1230
154,57.9568,1216
154,57.9568,1184
154,57.9568,1111
154,57.9568,1205
154,57.9568,1204
154,57.9568,1209
154,57.9568,1232
154,57.9568,644
154,57.9568,600
154,57.9568,567
154,57.9568,945
154,57.9568,892
154,57.9568,969
154,57.9568,1103
154,57.9568,1212
154,57.9568,1229
154,57.9568,1227
154,57.9568,1238
154,57.9568,1233
154,57.9568,989
154,57.9568,1436
154,57.9568,639
154,57.9568,573
154,57.9568,614
154,57.9568,852
154,57.9568,824
154,57.9568,857
154,60.2767,891
154,60.2767,864
154,60.2767,799
154,60.2767,600
154,60.2767,895
154,60.2767,1247
154,60.2767,1229
154,60.2767,1217
154,60.2767,1254
154,60.2767,1188
154,60.2767,883
154,60.2767,616
154,60.2767,686
154,60.2767,660
154,60.2767,593
154,60.2767,694
154,60.2767,744
154,60.2767,668
154,60.2767,672
154,60.2767,691
154,60.2767,1229
154,60.2767,1218
154,60.2767,1219
154,60.2767,1263
154,60.2767,1207
154,60.2767,1191
154,60.2767,1234
154,60.2767,1210
154,60.2767,1266
154,60.2767,1241
154,60.2767,824
154,59.9214,842
154,59.9214,684
154,59.9214,863
154,59.9214,1234
154,59.9214,1221
154,59.9214,1252
154,59.9214,1234
154,59.9214,1240
154,59.9214,1194
154,59.9214,1192
154,59.9214,1221
154,59.9214,1226
154,59.9214,1255
154,59.9214,1223
154,59.9214,840
154,59.9214,935
154,59.9214,658
154,59.9214,857
154,59.9214,715
154,59.9214,647
154,59.9214,671
154,59.9214,911
154,59.9214,685
154,59.9214,600
154,59.9214,775
154,59.9214,614
154,59.9214,682
154,59.9214,721
154,59.9214,664
154,59.9214,729
154,60.0985,721
154,60.0985,639
154,60.0985,1205
154,60.0985,1222
154,60.0985,1266
154,60.0985,1221
154,60.0985,1216
154,60.0985,1258
154,60.0985,1252
154,60.0985,1214
154,60.0985,1250
154,60.0985,1214
154,60.0985,646
154,60.0985,1249
154,60.0985,1327
154,60.0985,1242
154,60.0985,1218
154,60.0985,1243
154,60.0985,1259
154,60.0985,1223
154,60.0985,1398
154,60.0985,779
154,60.0985,627
154,60.0985,649
154,60.0985,588
154,60.0985,561
154,60.0985,636
154,60.0985,612
154,60.0985,692
154,60.0985,761
154,59.7015,705
154,59.7015,820
154,59.7015,776
154,59.7015,892
154,59.7015,842
154,59.7015,866
154,59.7015,764
154,59.7015,1231
154,59.7015,1386
154,59.7015,1313
154,59.7015,1328
154,59.7015,1390
154,59.7015,845
154,59.7015,616
154,59.7015,616
154,59.7015,751
154,59.7015,787
154,59.7015,932
154,59.7015,889
154,59.7015,863
154,59.7015,901
154,59.7015,834
154,59.7015,654
154,59.7015,791
154,59.7015,635
154,59.7015,1422
154,59.7015,836
154,59.7015,656
154,59.7015,749
154,59.7015,770
154,59.7015,849
154,60.2172,789
154,60.2172,844
154,60.2172,1245
154,60.2172,1340
154,60.2172,1217
154,60.2172,1229
154,60.2172,1233
154,60.2172,1222
154,60.2172,599
154,60.2172,665
154,60.2172,867
154,60.2172,670
154,60.2172,742
154,60.2172,599
154,60.2172,655
154,60.2172,597
154,60.2172,658
154,60.2172,701
154,60.2172,682
154,60.2172,600
154,60.2172,1271
154,60.2172,1218
154,60.2172,1314
154,60.2172,1278
154,60.2172,1311
154,60.2172,1232
154,60.2172,1370
154,60.2172,1219
154,60.2172,1261
154,60.2172,1013
154,59.8802,1263
154,59.8802,1254
154,59.8802,1291
154,59.8802,1232
154,59.8802,1244
154,59.8802,1274
154,59.8802,1228
154,59.8802,1231
154,59.8802,1339
154,59.8802,1324
154,59.8802,1234
154,59.8802,1247
154,59.8802,1216
154,59.8802,1248
154,59.8802,1324
154,59.8802,1232
154,59.8802,1231
154,59.8802,1263
154,59.8802,1231
154,59.8802,1267
154,59.8802,1344
154,59.8802,1225
154,59.8802,1227
154,59.8802,1259
154,59.8802,1231
154,59.8802,1274
154,59.8802,1249
154,59.8802,1225
154,59.8802,1250
154,59.8802,1256
154,59.9401,1268
154,59.9401,1340
154,59.9401,1209
154,59.9401,1235
154,59.9401,1229
154,59.9401,1264
154,59.9401,1239
154,59.9401,1281
154,59.9401,1223
154,59.9401,1226
154,59.9401,1314
154,59.9401,1251
154,59.9401,1270
154,59.9401,822
154,59.9401,1376
154,59.9401,1273
154,59.9401,1350
154,59.9401,629
154,59.9401,834
154,59.9401,1058
154,59.9401,1725
154,59.9401,1029
154,59.9401,779
154,59.9401,755
154,59.9401,767
154,59.9401,1304
154,59.9401,1223
154,59.9401,1253
154,59.9401,1265
154,59.9401,834
154,60.3363,810
154,60.3363,628
154,60.3363,652
154,60.3363,1064
154,60.3363,627
154,60.3363,727
154,60.3363,608
154,60.3363,816
154,60.3363,696
154,60.3363,792
154,60.3363,712
154,60.3363,856
154,60.3363,1211
154,60.3363,1311
154,60.3363,989
154,60.3363,688
154,60.3363,687
154,60.3363,788
154,60.3363,698
154,60.3363,637
154,60.3363,808
154,60.3363,1252
154,60.3363,893
154,60.3363,896
154,60.3363,785
154,60.3363,1161
154,60.3363,1214
154,60.3363,1175
154,60.3363,659
154,60.3363,629
154,59.7015,649
154,59.7015,602
154,59.7015,844
154,59.7015,656
154,59.7015,664
154,59.7015,878
154,59.7015,1417
154,59.7015,1374
154,59.7015,1040
154,59.7015,958
154,59.7015,813
154,59.7015,806
154,59.7015,1156
154,59.7015,1188
154,59.7015,1255
154,59.7015,1243
154,59.7015,1234
154,59.7015,1241
154,59.7015,684
154,59.7015,767
154,59.7015,728
154,59.7015,877
154,59.7015,621
154,59.7015,630
154,59.7015,696
154,59.7015,1211
154,59.7015,1320
154,59.7015,1241
154,59.7015,689
154,59.7015,592
154,59.7015,610
154,60.2172,1252
154,60.2172,1301
154,60.2172,1228
154,60.2172,682
154,60.2172,640
154,60.2172,846
154,60.2172,816
154,60.2172,635
154,60.2172,962
154,60.2172,1348
154,60.2172,1256
154,60.2172,837
154,60.2172,573
154,60.2172,754
154,60.2172,732
154,60.2172,653
154,60.2172,581
154,60.2172,714
154,60.2172,1378
154,60.2172,757
154,60.2172,767
154,60.2172,648
154,60.2172,1381
154,60.2172,1600
154,60.2172,974
154,60.2172,885
154,60.2172,773
154,60.2172,887
154,60.2172,1302
154,60.2172,1159
154,59.761,976
154,59.761,670
154,59.761,554
154,59.761,592
154,59.761,706
154,59.761,1220
154,59.761,602
154,59.761,731
154,59.761,824
154,59.761,920
154,59.761,1327
154,59.761,1387
154,59.761,1013
154,59.761,828
154,59.761,785
154,59.761,747
154,59.761,652
154,59.761,678
154,59.761,551
154,59.761,1236
154,59.761,1242
154,59.761,801
154,59.761,725
154,59.761,829
154,59.761,845
154,59.761,1498
154,59.761,987
154,59.761,1299
154,59.761,1010
154,59.761,1238
154,60.2767,1247
154,60.2767,1200
154,60.2767,1232
154,60.2767,840
154,60.2767,603
154,60.2767,549
154,60.2767,618
154,60.2767,884
154,60.2767,617
154,60.2767,1389
154,60.2767,1487
154,60.2767,887
154,60.2767,817
154,60.2767,894
154,60.2767,643
154,60.2767,607
154,60.2767,1367
154,60.2767,1300
154,60.2767,947
154,60.2767,699
154,60.2767,646
154,60.2767,818
154,60.2767,1203
176,60.2767,1289
176,60.2767,848
176,60.2767,1142
176,60.2767,1116
176,60.2767,1225
176,60.2767,1514
176,60.2767,1014
176,57.8999,724
176,57.8999,678
176,57.8999,805
176,57.8999,752
176,57.8999,688
176,57.8999,1355
176,57.8999,1355
176,57.8999,957
176,57.8999,893
176,57.8999,769
176,57.8999,998
176,57.8999,977
176,57.8999,780
176,57.8999,752
176,57.8999,995
176,57.8999,675
176,57.8999,853
176,57.8999,1321
176,57.8999,1438
176,57.8999,1403
176,57.8999,889
176,57.8999,1310
176,57.8999,1310
176,57.8999,1316
176,57.8999,1412
176,57.8999,865
176,57.8999,693
176,57.8999,1042
176,57.8999,1229
176,57.8999,1006
176,59.8626,747
176,59.8626,1358
176,59.8626,1327
176,59.8626,1360
176,59.8626,862
176,59.8626,824
176,59.8626,621
176,59.8626,619
176,59.8626,643
176,59.8626,683
176,59.8626,677
176,59.8626,878
176,59.8626,1625
176,59.8626,909
176,59.8626,1121
176,59.8626,1165
176,59.8626,1022
176,59.8626,962
176,59.8626,937
176,59.8626,864
176,59.8626,868
176,59.8626,663
176,59.8626,1462
176,59.8626,841
176,59.8626,735
176,59.8626,793
176,59.8626,892
176,59.8626,762
176,59.8626,985
176,59.8626,962
176,59.8626,1511
176,59.9214,1444
176,59.9214,1059
176,59.9214,947
176,59.9214,1339
176,59.9214,984
176,59.9214,848
176,59.9214,640
176,59.9214,652
176,59.9214,752
176,59.9214,709
176,59.9214,690
176,59.9214,939
176,59.9214,850
176,59.9214,865
176,59.9214,1598
176,59.9214,1613
176,59.9214,1043
176,59.9214,1481
176,59.9214,914
176,59.9214,859
176,59.9214,727
176,59.9214,676
176,59.9214,1315
176,59.9214,1333
176,59.9214,1320
176,59.9214,692
176,59.9214,1069
176,59.9214,1391
176,59.9214,725
176,59.9214,984
176,60.3363,1026
176,60.3363,1319
176,60.3363,1326
176,60.3363,1337
176,60.3363,1344
176,60.3363,1383
176,60.3363,1276
176,60.3363,1297
176,60.3363,689
176,60.3363,614
176,60.3363,641
176,60.3363,1390
176,60.3363,684
176,60.3363,861
176,60.3363,803
176,60.3363,967
176,60.3363,1112
176,60.3363,1593
176,60.3363,921
176,60.3363,700
176,60.3363,763
176,60.3363,756
176,60.3363,805
176,60.3363,797
176,60.3363,830
176,60.3363,1064
176,60.3363,992
176,60.3363,797
176,60.3363,758
176,60.3363,705
176,59.9401,698
176,59.9401,735
176,59.9401,1028
176,59.9401,889
176,59.9401,965
176,59.9401,790
176,59.9401,670
176,59.9401,857
176,59.9401,765
176,59.9401,762
176,59.9401,720
176,59.9401,724
176,59.9401,622
176,59.9401,631
176,59.9401,1314
176,59.9401,970
176,59.9401,904
176,59.9401,951
176,59.9401,1049
176,59.9401,731
176,59.9401,854
176,59.9401,775
176,59.9401,759
176,59.9401,788
176,59.9401,1227
176,59.9401,1323
176,59.9401,743
176,59.9401,1050
176,59.9401,1369
176,59.9401,850
176,59.9401,686
176,60.0394,887
176,60.0394,636
176,60.0394,780
176,60.0394,1042
176,60.0394,1744
176,60.0394,1459
176,60.0394,1078
176,60.0394,934
176,60.0394,850
176,60.0394,1343
176,60.0394,1456
176,60.0394,1421
176,60.0394,739
176,60.0394,625
176,60.0394,631
176,60.0394,716
176,60.0394,723
176,60.0394,851
176,60.0394,679
176,60.0394,823
176,60.0394,1539
176,60.0394,1102
176,60.0394,1380
176,60.0394,1004
176,60.0394,847
176,60.0394,808
176,60.0394,734
176,60.0394,623
176,60.0394,623
176,60.0394,691
176,59.9803,1400
176,59.9803,1376
176,59.9803,928
176,59.9803,834
176,59.9803,747
176,59.9803,1149
176,59.9803,1055
176,59.9803,685
176,59.9803,694
176,59.9803,779
176,59.9803,779
176,59.9803,786
176,59.9803,761
176,59.9803,771
176,59.9803,764
176,59.9803,847
176,59.9803,694
176,59.9803,706
176,59.9803,1330
176,59.9803,1354
176,59.9803,1348
176,59.9803,1323
176,59.9803,953
176,59.9803,798
176,59.9803,797
176,59.9803,1363
176,59.9803,1324
176,59.9803,1315
176,59.9803,1340
176,59.9803,1337
176,59.9803,1354
176,59.7453,949
176,59.7453,1338
176,59.7453,1335
176,59.7453,1343
176,59.7453,1353
176,59.7453,1384
176,59.7453,1072
176,59.7453,1401
176,59.7453,1371
176,59.7453,1320
176,59.7453,1339
176,59.7453,1386
176,59.7453,1327
176,59.7453,1361
176,59.7453,702
176,59.7453,1358
176,59.7453,1326
176,59.7453,800
176,59.7453,842
176,59.7453,677
176,59.7453,987
176,59.7453,735
176,59.7453,1292
176,59.7453,1334
176,59.7453,1327
176,59.7453,1297
176,59.7453,1300
176,59.7453,1294
176,59.7453,1319
176,59.7453,1326
176,60.3363,1295
176,60.3363,1329
176,60.3363,1369
176,60.3363,1405
176,60.3363,1312
176,60.3363,1324
176,60.3363,1448
176,60.3363,1325
176,60.3363,1346
176,60.3363,1014
176,60.3363,767
176,60.3363,658
176,60.3363,813
176,60.3363,855
176,60.3363,876
176,60.3363,680
176,60.3363,677
176,60.3363,810
176,60.3363,973
176,60.3363,1335
176,60.3363,893
176,60.3363,684
176,60.3363,686
176,60.3363,923
176,60.3363,908
176,60.3363,1020
176,60.3363,1067
176,60.3363,972
176,60.3363,904
176,60.3363,818
176,59.7015,883
176,59.7015,1408
176,59.7015,1487
176,59.7015,948
176,59.7015,952
176,59.7015,850
176,59.7015,846
176,59.7015,638
176,59.7015,919
176,59.7015,810
176,59.7015,699
176,59.7015,1051
176,59.7015,806
176,59.7015,953
176,59.7015,1252
176,59.7015,800
176,59.7015,873
176,59.7015,683
176,59.7015,603
176,59.7015,1329
176,59.7015,1372
176,59.7015,958
176,59.7015,1371
176,59.7015,1385
176,59.7015,1519
176,59.7015,1561
176,59.7015,1087
176,59.7015,1547
176,59.7015,1503
176,59.7015,841
176,59.7015,1401
176,59.9803,957
176,59.9803,672
176,59.9803,675
176,59.9803,649
176,59.9803,665
176,59.9803,665
176,59.9803,697
176,59.9803,884
176,59.9803,779
176,59.9803,623
176,59.9803,648
176,59.9803,630
176,59.9803,638
176,59.9803,773
176,59.9803,883
176,59.9803,746
176,59.9803,711
176,59.9803,889
176,59.9803,1045
176,59.9803,737
176,59.9803,1291
176,59.9803,855
176,59.9803,763
176,59.9803,861
176,59.9803,836
176,59.9803,977
176,59.9803,1065
176,59.9803,1048
176,59.9803,1001
176,59.9803,1302
176,60.2767,888
176,60.2767,1300
176,60.2767,1478
176,60.2767,930
176,60.2767,643
176,60.2767,613
176,60.2767,653
176,60.2767,730
176,60.2767,783
176,60.2767,677
176,60.2767,825
176,60.2767,748
176,60.2767,909
176,60.2767,1137
176,60.2767,751
176,60.2767,876
176,60.2767,840
176,60.2767,764
176,60.2767,1423
176,60.2767,997
176,60.2767,812
176,60.2767,825
176,60.2767,866
176,60.2767,798
176,60.2767,683
176,60.2767,926
176,60.2767,799
176,60.2767,872
176,60.2767,1347
176,60.2767,1339
176,60.2767,1342
176,59.7453,1350
176,59.7453,1319
176,59.7453,1351
176,59.7453,1394
176,59.7453,910
176,59.7453,1024
176,59.7453,1538
176,59.7453,768
176,59.7453,762
176,59.7453,726
176,59.7453,884
176,59.7453,804
176,59.7453,775
176,59.7453,1040
176,59.7453,1133
176,59.7453,1018
176,59.7453,1301
176,59.7453,993
176,59.7453,858
176,59.7453,676
176,59.7453,1350
176,59.7453,1130
176,59.7453,1075
176,59.7453,1352
176,59.7453,1355
176,59.7453,1325
176,59.7453,934
176,59.7453,787
176,59.7453,871
176,59.7453,933
176,60.2172,690
176,60.2172,1033
176,60.2172,1339
176,60.2172,1029
176,60.2172,872
176,60.2172,886
176,60.2172,828
176,60.2172,1505
176,60.2172,679
176,60.2172,891
176,60.2172,825
176,60.2172,657
176,60.2172,958
176,60.2172,704
176,60.2172,861
176,60.2172,1141
176,60.2172,1067
176,60.2172,1577
176,60.2172,1297
176,60.2172,958
176,60.2172,906
176,60.2172,835
176,60.2172,947
176,60.2172,653
176,60.2172,1428
176,60.2172,897
176,60.2172,797
176,60.2172,672
176,60.2172,971
176,60.2172,1324
176,60.2172,1331
176,59.7453,1323
176,59.7453,1381
176,59.7453,1115
176,59.7453,942
176,59.7453,1461
176,59.7453,961
176,59.7453,937
176,59.7453,986
176,59.7453,739
176,59.7453,704
176,59.7453,935
176,59.7453,936
176,59.7453,775
176,59.7453,712
176,59.7453,1599
176,59.7453,1574
176,59.7453,1209
176,59.7453,1585
176,59.7453,1458
176,59.7453,1004
176,59.7453,785
176,59.7453,1487
176,59.7453,1437
176,59.7453,1412
176,59.7453,1515
176,59.7453,676
176,59.7453,1323
176,59.7453,1336
176,59.7453,814
176,59.7453,954
176,60.3363,925
176,60.3363,979
176,60.3363,1114
176,60.3363,1623
176,60.3363,1426
176,60.3363,1016
176,60.3363,1371
176,60.3363,1371
176,60.3363,1351
176,60.3363,919
176,60.3363,672
176,60.3363,1353
176,60.3363,912
176,60.3363,935
176,60.3363,971
176,60.3363,769
176,60.3363,949
176,60.3363,925
176,60.3363,1166
176,60.3363,1645
176,60.3363,1471
176,60.3363,1157
176,60.3363,672
176,60.3363,876
176,60.3363,801
176,60.3363,758
176,60.3363,715
176,60.3363,681
176,60.3363,935
176,60.3363,761
176,59.9401,959
176,59.9401,777
176,59.9401,826
176,59.9401,1003
176,59.9401,1166
176,59.9401,996
176,59.9401,1020
176,59.9401,1342
176,59.9401,995
176,59.9401,676
176,59.9401,957
176,59.9401,825
176,59.9401,926
176,59.9401,1359
176,59.9401,922
176,59.9401,952
176,59.9401,927
176,59.9401,873
176,59.9401,941
176,59.9401,960
176,59.9401,1036
176,59.9401,1106
176,59.9401,1323
176,59.9401,1145
176,59.9401,853
176,59.9401,892
176,59.9401,1483
176,59.9401,1489
176,59.9401,1301
176,59.9401,730
176,59.9401,748
176,59.9803,798
176,59.9803,867
176,59.9803,830
176,59.9803,1536
176,59.9803,943
176,59.9803,1256
176,59.9803,1433
176,59.9803,1430
176,59.9803,1395
176,59.9803,945
176,59.9803,853
176,59.9803,1507
176,59.9803,1362
176,59.9803,1376
176,59.9803,1333
176,59.9803,1296
176,59.9803,1351
176,59.9803,954
176,59.9803,1348
176,59.9803,1508
176,59.9803,943
176,59.9803,1451
176,59.9803,901
176,59.9803,1049
176,59.9803,853
176,59.9803,815
176,59.9803,829
176,59.9803,889
176,59.9803,895
176,59.9803,1223
176,59.6421,1179
176,59.6421,1239
176,59.6421,1338
176,59.6421,813
176,59.6421,699
176,59.6421,920
176,59.6421,1312
176,59.6421,1332
176,59.6421,1358
176,59.6421,1355
176,59.6421,1353
176,59.6421,1359
176,59.6421,1251
176,59.6421,1017
176,59.6421,857
176,59.6421,1483
176,59.6421,666
176,59.6421,740
176,59.6421,771
176,59.6421,929
176,59.6421,938
176,59.6421,1043
176,59.6421,898
176,59.6421,931
176,59.6421,943
176,59.6421,797
176,59.6421,809
176,59.6421,770
176,59.6421,812
176,59.6421,955
176,60.1578,739
176,60.1578,1484
176,60.1578,733
176,60.1578,751
176,60.1578,669
176,60.1578,915
176,60.1578,954
176,60.1578,1093
176,60.1578,668
176,60.1578,941
176,60.1578,949
176,60.1578,1381
176,60.1578,761
176,60.1578,754
176,60.1578,848
176,60.1578,873
176,60.1578,646
176,60.1578,727
176,60.1578,681
176,60.1578,793
176,60.1578,844
176,60.1578,726
176,60.1578,1442
176,60.1578,1344
176,60.1578,1374
176,60.1578,1574
176,60.1578,1152
176,60.1578,1009
176,60.1578,927
176,60.1578,931
176,60.1578,986
176,60.1578,1477
176,60.1578,1446
176,60.1578,677
176,60.1578,726
176,60.1578,621
176,60.1578,809
176,60.1578,810
176,60.1578,851
176,60.1578,949
176,60.1578,1572
176,60.1578,902
176,60.1578,789
176,60.1578,1042
176,60.1578,1003
176,60.1578,1339
176,60.1578,1342
176,60.1578,951
176,60.1578,1320
176,60.1578,1339
176,60.1578,1350
176,60.1578,765
176,60.1578,854
176,60.1578,928
176,60.1578,753
176,60.1578,878
176,60.1578,851
176,60.1578,1153
176,60.1578,1605
176,60.1578,1143
176,60.1578,1078
176,60.0985,946
176,60.0985,1428
176,60.0985,1508
176,60.0985,916
176,60.0985,1567
176,60.0985,1352
176,60.0985,930
176,60.0985,767
176,60.0985,773
176,60.0985,949
176,60.0985,807
176,60.0985,674
176,60.0985,888
176,60.0985,711
176,60.0985,1172
176,60.0985,973
176,60.0985,962
176,60.0985,908
176,60.0985,856
176,60.0985,944
176,60.0985,748
176,60.0985,1364
176,60.0985,887
176,60.0985,688
176,60.0985,947
176,60.0985,972
176,60.0985,783
176,60.0985,1103
176,60.0985,1610
176,60.0985,1113
176,59.9401,1608
176,59.9401,1049
176,59.9401,1124
176,59.9401,685
176,59.9401,881
176,59.9401,913
176,59.9401,660
176,59.9401,675
176,59.9401,847
176,59.9401,853
176,59.9401,785
176,59.9401,944
176,59.9401,772
176,59.9401,1717
176,59.9401,1609
176,59.9401,935
176,59.9401,1044
176,59.9401,895
176,59.9401,1375
176,59.9401,963
176,59.9401,1500
176,59.9401,924
176,59.9401,725
176,59.9401,656
176,59.9401,709
176,59.9401,935
176,59.9401,935
176,59.9401,702
176,59.9401,1349
176,59.9401,1565
176,59.9401,1666
176,59.8039,745
176,59.8039,1004
176,59.8039,1401
176,59.8039,1609
176,59.8039,892
176,59.8039,881
176,59.8039,950
176,59.8039,707
176,59.8039,753
176,59.8039,935
176,59.8039,722
176,59.8039,767
176,59.8039,905
176,59.8039,1335
176,59.8039,1359
176,59.8039,998
176,59.8039,1013
176,59.8039,914
176,59.8039,1098
176,59.8039,833
176,59.8039,853
176,59.8039,754
176,59.8039,1262
176,59.8039,946
176,59.8039,1266
176,59.8039,830
176,59.8039,843
176,59.8039,618
176,59.8039,760
176,59.8039,928
176,60.2767,1633
176,60.2767,1009
176,60.2767,1062
176,60.2767,1015
176,60.2767,917
176,60.2767,1346
176,60.2767,1203
176,60.2767,983
176,60.2767,835
176,60.2767,741
176,60.2767,731
176,60.2767,643
176,60.2767,847
176,60.2767,798
176,60.2767,737
176,60.2767,1365
176,60.2767,1599
176,60.2767,953
176,60.2767,1130
176,60.2767,1013
176,60.2767,978
176,60.2767,730
176,60.2767,1337
176,60.2767,1364
176,60.2767,1342
176,60.2767,909
176,60.2767,757
176,60.2767,949
176,60.2767,669
176,60.2767,958
176,59.9401,886
176,59.9401,817
176,59.9401,766
176,59.9401,1122
176,59.9401,1073
176,59.9401,1183
176,59.9401,910
176,59.9401,881
176,59.9401,836
176,59.9401,881
176,59.9401,894
176,59.9401,695
176,59.9401,632
176,59.9401,637
176,59.9401,777
176,59.9401,906
176,59.9401,671
176,59.9401,963
176,59.9401,809
176,59.9401,1081
176,59.9401,771
176,59.9401,955
176,59.9401,905
176,59.9401,883
176,59.9401,834
176,59.9401,857
176,59.9401,860
176,59.9401,687
176,59.9401,714
176,59.9401,1418
176,59.9401,853
176,59.9803,709
176,59.9803,982
176,59.9803,971
176,59.9803,776
176,59.9803,937
176,59.9803,617
176,59.9803,1047
176,59.9803,898
176,59.9803,988
176,59.9803,870
176,59.9803,1455
176,59.9803,949
176,59.9803,692
176,59.9803,698
176,59.9803,781
176,59.9803,677
176,59.9803,886
176,59.9803,785
176,59.9803,935
176,59.9803,749
176,59.9803,811
176,59.9803,1146
176,59.9803,1009
176,59.9803,849
176,59.9803,913
176,59.9803,875
176,59.9803,953
176,59.9803,857
176,59.9803,1027
176,59.9803,666
176,59.9803,1315
176,59.9803,1378
176,59.9803,1178
176,59.9803,959
176,59.9803,700
176,59.9803,687
176,59.9803,672
176,59.9803,1095
176,59.9803,1056
176,59.9803,1045
176,59.9803,1102
176,59.9803,864
176,59.9803,904
176,59.9803,877
176,59.9803,677
176,59.9803,1352
176,59.9803,728
176,59.9803,837
176,59.9803,932
176,59.9803,929
176,59.9803,939
176,59.9803,935
176,59.9803,755
176,59.9803,1007
176,59.9803,963
176,59.9803,934
176,59.9803,782
176,59.9803,917
176,59.9803,762
176,59.9803,1328
176,59.9803,949
176,59.9803,1344
176,59.9803,956
176,59.9803,1348
176,59.9803,952
176,59.9803,1392
176,59.9803,950
176,59.9803,1495
176,59.9803,1336
176,59.9803,1309
176,59.9803,1245
176,59.9803,969
176,59.9803,741
176,59.9803,688
176,59.9803,693
176,59.9803,909
176,59.9803,754
176,59.9803,1382
176,59.9803,1343
176,59.9803,1062
176,59.9803,764
176,59.9803,945
176,59.9803,738
176,59.9803,672
176,59.9803,928
176,59.9803,925
176,59.9803,959
176,59.9803,967
176,59.9803,985
176,59.9803,882
176,59.9803,1335
176,59.8802,1337
176,59.8802,716
176,59.8802,623
176,59.8802,613
176,59.8802,702
176,59.8802,899
176,59.8802,931
176,59.8802,724
176,59.8802,733
176,59.8802,672
176,59.8802,883
176,59.8802,1364
176,59.8802,1333
176,59.8802,1313
176,59.8802,1355
176,59.8802,880
176,59.8802,960
176,59.8802,756
176,59.8802,1364
176,59.8802,1350
176,59.8802,1332
176,59.8802,1352
176,59.8802,942
176,59.8802,801
176,59.8802,745
176,59.8802,677
176,59.8802,688
176,59.8802,967
176,59.8802,892
176,59.8802,902
176,60.2172,798
176,60.2172,933
176,60.2172,637
176,60.2172,725
176,60.2172,744
176,60.2172,613
176,60.2172,842
176,60.2172,706
176,60.2172,719
176,60.2172,880
176,60.2172,845
176,60.2172,968
176,60.2172,1000
176,60.2172,740
176,60.2172,973
176,60.2172,930
176,60.2172,1029
176,60.2172,888
176,60.2172,854
176,60.2172,1396
176,60.2172,1330
176,60.2172,999
176,60.2172,683
176,60.2172,615
176,60.2172,850
176,60.2172,956
176,60.2172,936
176,60.2172,1092
176,60.2172,793
176,60.2172,978
176,60.2172,925
176,59.9803,1470
176,59.9803,903
176,59.9803,951
176,59.9803,1333
176,59.9803,1298
176,59.9803,1280
176,59.9803,915
176,59.9803,709
176,59.9803,680
176,59.9803,652
176,59.9803,756
176,59.9803,844
176,59.9803,937
176,59.9803,1017
176,59.9803,836
176,59.9803,959
176,59.9803,963
176,59.9803,940
176,59.9803,842
176,59.9803,941
176,59.9803,793
176,59.9803,693
176,59.9803,1350
176,59.9803,1351
176,59.9803,824
176,59.9803,793
176,59.9803,756
176,59.9803,774
176,59.9803,745
176,59.9803,811
176,59.9803,1054
176,59.9803,867
176,59.9803,950
176,59.9803,953
176,59.9803,1340
176,59.9803,1350
176,59.9803,887
176,59.9803,898
176,59.9803,1331
176,59.9803,1367
176,59.9803,1042
176,59.9803,1377
176,59.9803,686
176,59.9803,754
176,59.9803,861
176,59.9803,1100
176,59.9803,1065
176,59.9803,1357
176,59.9803,1320
176,59.9803,948
176,59.9803,984
176,59.9803,720
176,59.9803,635
176,59.9803,711
176,59.9803,929
176,59.9803,731
176,59.9803,705
176,59.9803,1378
176,59.9803,664
176,59.9803,723
176,59.9803,771
176,59.9803,807
176,59.9803,972
176,59.9803,824
176,59.9803,939
176,59.9803,865
176,59.9803,1425
176,59.9803,1318
176,59.9803,1362
176,59.9803,1340
176,59.9803,1349
176,59.9803,947
176,59.9803,666
176,59.9803,781
176,59.9803,1428
176,59.9803,666
176,59.9803,701
176,59.9803,911
176,59.9803,998
176,59.9803,1110
176,59.9803,992
176,59.9803,804
176,59.9803,956
176,59.9803,1218
176,59.9803,724
176,59.9803,682
176,59.9803,1458
176,59.9803,780
176,59.9803,1310
176,59.9803,1365
176,59.9803,1306
176,59.9803,758
176,61.6302,1501
176,61.6302,739
176,61.6302,858
176,61.6302,914
176,61.6302,985
176,61.6302,697
176,61.6302,1393
176,61.6302,851
176,61.6302,765
176,61.6302,1149
176,61.6302,1253
176,61.6302,1811
176,61.6302,1154
176,61.6302,1332
176,61.6302,1213
176,61.6302,1530
176,61.6302,773
176,61.6302,1315
176,61.6302,812
176,61.6302,720
176,61.6302,985
176,61.6302,830
176,61.6302,1666
176,61.6302,736
176,61.6302,927
176,61.6302,1319
176,61.6302,1085
176,61.6302,558
176,61.6302,777
176,61.6302,1521
176,61.6302,789
176,61.6302,1299
176,61.6302,1337
176,61.6302,1377
176,68.7936,1361
176,68.7936,490
176,68.7936,698
176,68.7936,722
176,68.7936,789
176,68.7936,1145
176,68.7936,1135
176,68.7936,1138
176,68.7936,1124
176,68.7936,1286
176,68.7936,1137
176,68.7936,904
176,68.7936,1282
176,68.7936,735
176,68.7936,728
176,68.7936,1341
176,68.7936,1366
176,68.7936,685
176,68.7936,732
176,68.7936,712
176,68.7936,722
176,68.7936,824
176,68.7936,823
176,68.7936,796
176,68.7936,892
176,68.7936,867
176,68.7936,771
176,68.7936,1329
176,68.7936,868
176,68.7936,481
176,68.7936,1144
176,68.7936,1928
176,68.7936,758
176,68.7936,1186
176,66.2055,1325
176,66.2055,722
176,66.2055,909
176,66.2055,1065
176,66.2055,756
176,66.2055,1158
176,66.2055,1317
176,66.2055,850
176,66.2055,1518
176,66.2055,591
176,66.2055,958
176,66.2055,1091
176,66.2055,765
176,66.2055,756
176,66.2055,738
176,66.2055,1150
176,66.2055,1572
176,66.2055,1247
176,66.2055,1119
176,66.2055,1200
176,66.2055,1141
176,66.2055,756
176,66.2055,764
176,66.2055,754
176,66.2055,1143
176,66.2055,945
176,66.2055,722
176,66.2055,1187
176,66.2055,1583
176,66.2055,1352
176,66.2055,756
176,66.2055,880
176,66.2055,1310
176,66.2055,764
176,66.2055,999
176,70.4365,1690
176,70.4365,778
176,70.4365,825
176,70.4365,942
176,70.4365,1312
176,70.4365,1424
176,70.4365,747
176,70.4365,594
176,70.4365,1221
176,70.4365,1403
176,70.4365,771
176,70.4365,791
176,70.4365,1495
176,70.4365,591
176,70.4365,988
176,70.4365,1520
176,70.4365,734
176,70.4365,754
176,70.4365,1043
176,70.4365,1430
176,70.4365,1122
176,70.4365,835
176,70.4365,1347
176,70.4365,1286
176,70.4365,839
176,70.4365,1145
176,70.4365,776
176,70.4365,1187
176,70.4365,757
176,70.4365,1127
176,70.4365,1473
176,70.4365,581
176,70.4365,1219
176,70.4365,1472
176,70.4365,1423
176,70.4365,1307
176,70.5765,1521
176,70.5765,1129
176,70.5765,857
176,70.5765,677
176,70.5765,914
176,70.5765,763
176,70.5765,881
176,70.5765,932
176,70.5765,715
176,70.5765,987
176,70.5765,831
176,70.5765,1002
176,70.5765,587
176,70.5765,1224
176,70.5765,588
176,70.5765,772
176,70.5765,920
176,70.5765,1161
176,70.5765,771
176,70.5765,740
176,70.5765,1400
176,70.5765,1383
176,70.5765,1493
176,70.5765,959
176,70.5765,778
176,70.5765,990
176,70.5765,721
176,70.5765,948
176,70.5765,1030
176,70.5765,1543
176,70.5765,1299
176,70.5765,513
176,70.5765,1118
176,70.5765,1391
176,66.8633,1388
176,66.8633,1384
176,66.8633,938
176,66.8633,729
176,66.8633,726
176,66.8633,1108
176,66.8633,961
176,66.8633,886
176,66.8633,767
176,66.8633,706
176,66.8633,1003
176,66.8633,815
176,66.8633,984
176,66.8633,929
176,66.8633,1246
176,66.8633,994
176,66.8633,856
176,66.8633,841
176,66.8633,820
176,66.8633,737
176,66.8633,736
176,66.8633,797
176,66.8633,880
176,66.8633,1365
176,66.8633,926
176,66.8633,857
176,66.8633,823
176,66.8633,1737
176,66.8633,1229
176,66.8633,1315
176,59.9401,1285
176,59.9401,1204
176,59.9401,839
176,59.9401,860
176,59.9401,947
176,59.9401,737
176,59.9401,737
176,59.9401,767
176,59.9401,797
176,59.9401,982
176,59.9401,787
176,59.9401,936
176,59.9401,1705
176,59.9401,1564
176,59.9401,1334
176,59.9401,816
176,59.9401,1315
176,59.9401,1342
176,59.9401,1346
176,59.9401,939
176,59.9401,937
176,59.9401,1401
176,59.9401,1374
176,59.9401,908
176,59.9401,1349
176,59.9401,1354
176,59.9401,693
176,59.9401,1331
176,59.9401,1338
176,59.9401,1339
176,60.2767,1386
176,60.2767,1339
176,60.2767,1362
176,60.2767,979
176,60.2767,675
176,60.2767,666
176,60.2767,617
176,60.2767,773
176,60.2767,776
176,60.2767,842
176,60.2767,772
176,60.2767,962
176,60.2767,1380
176,60.2767,1348
176,60.2767,1357
176,60.2767,1337
176,60.2767,1309
176,60.2767,1286
176,60.2767,946
176,60.2767,1328
176,60.2767,979
176,60.2767,979
176,60.2767,1319
176,60.2767,1333
176,60.2767,1345
176,60.2767,1382
176,60.2767,950
176,60.2767,820
176,60.2767,780
176,60.2767,774
176,59.761,915
176,59.761,798
176,59.761,781
176,59.761,727
176,59.761,1310
176,59.761,1084
176,59.761,1336
176,59.761,1312
176,59.761,1348
176,59.761,942
176,59.761,1314
176,59.761,1359
176,59.761,1320
176,59.761,938
176,59.761,1007
176,59.761,890
176,59.761,1336
176,59.761,1319
176,59.761,1308
176,59.761,1327
176,59.761,1347
176,59.761,1385
176,59.761,1334
176,59.761,1385
176,59.761,1330
176,59.761,1341
176,59.761,1316
176,59.761,1334
176,59.761,1341
176,59.761,1353
176,59.761,941
176,60.0985,942
176,60.0985,814
176,60.0985,693
176,60.0985,900
176,60.0985,696
176,60.0985,928
176,60.0985,1353
176,60.0985,946
176,60.0985,768
176,60.0985,1327
176,60.0985,1329
176,60.0985,1009
176,60.0985,824
176,60.0985,808
176,60.0985,781
176,60.0985,797
176,60.0985,969
176,60.0985,843
176,60.0985,1361
176,60.0985,1355
176,60.0985,1357
176,60.0985,1324
176,60.0985,1333
176,60.0985,1336
176,60.0985,1324
176,60.0985,1363
176,60.0985,1334
176,60.0985,1324
176,60.0985,1347
176,60.0985,983
176,59.8626,926
176,59.8626,961
176,59.8626,645
176,59.8626,815
176,59.8626,627
176,59.8626,665
176,59.8626,785
176,59.8626,604
176,59.8626,757
176,59.8626,931
176,59.8626,948
176,59.8626,759
176,59.8626,1361
176,59.8626,1336
176,59.8626,1335
176,59.8626,1372
176,59.8626,1332
176,59.8626,1324
176,59.8626,1332
176,59.8626,1336
176,59.8626,1345
176,59.8626,1340
176,59.8626,1326
176,59.8626,1328
176,59.8626,1347
176,59.8626,1338
176,59.8626,1349
176,59.8626,1315
176,59.8626,1309
176,59.8626,1465
176,59.8626,1305
176,59.9803,951
176,59.9803,1342
176,59.9803,1327
176,59.9803,1309
176,59.9803,1249
176,59.9803,1332
176,59.9803,1336
176,59.9803,1337
176,59.9803,1374
176,59.9803,1309
176,59.9803,1351
176,59.9803,1317
176,59.9803,1363
176,59.9803,1348
176,59.9803,1360
176,59.9803,1322
176,59.9803,1365
176,59.9803,1342
176,59.9803,1329
176,59.9803,1351
176,59.9803,1333
176,59.9803,1382
176,59.9803,1341
176,59.9803,1328
176,59.9803,958
176,59.9803,951
176,59.9803,889
176,59.9803,582
176,59.9803,773
176,59.9803,805
176,60.0394,830
176,60.0394,799
176,60.0394,971
176,60.0394,798
176,60.0394,952
176,60.0394,940
176,60.0394,674
176,60.0394,1011
176,60.0394,893
176,60.0394,672
176,60.0394,1407
176,60.0394,1356
176,60.0394,940
176,60.0394,995
176,60.0394,784
176,60.0394,847
176,60.0394,999
176,60.0394,673
176,60.0394,1409
176,60.0394,1365
176,60.0394,1318
176,60.0394,1357
176,60.0394,1356
176,60.0394,1293
176,60.0394,998
176,60.0394,966
176,60.0394,1362
176,60.0394,1341
176,60.0394,794
176,60.0394,748
176,60.0394,664
176,60.2172,791
176,60.2172,1536
176,60.2172,947
176,60.2172,1375
176,60.2172,1342
176,60.2172,834
176,60.2172,656
176,60.2172,1393
176,60.2172,1305
176,60.2172,1126
176,60.2172,1450
176,60.2172,1353
176,60.2172,1094
176,60.2172,1372
176,60.2172,818
176,60.2172,747
176,60.2172,675
176,60.2172,846
176,60.2172,742
176,60.2172,1179
176,60.2172,812
176,60.2172,940
176,60.2172,718
176,60.2172,1090
176,60.2172,1245
176,60.2172,1146
176,60.2172,1833
176,60.2172,1003
176,60.2172,964
176,60.2172,652
176,59.9803,929
176,59.9803,754
176,59.9803,872
176,59.9803,736
176,59.9803,655
176,59.9803,874
176,59.9803,1179
176,59.9803,770
176,59.9803,667
176,59.9803,935
176,59.9803,1333
176,59.9803,1333
176,59.9803,1328
176,59.9803,1349
176,59.9803,1313
176,59.9803,1309
176,59.9803,1307
176,59.9803,1332
176,59.9803,1353
176,59.9803,1310
176,59.9803,1340
176,59.9803,1321
176,59.9803,1332
176,59.9803,1362
176,59.9803,1316
176,59.9803,1330
176,59.9803,1331
176,59.9803,1344
176,59.9803,1318
176,59.9803,1305
176,59.9803,1364
176,59.7453,1338
176,59.7453,1345
176,59.7453,1360
176,59.7453,1318
176,59.7453,1319
176,59.7453,1314
176,59.7453,1326
176,59.7453,888
176,59.7453,904
176,59.7453,1019
176,59.7453,983
176,59.7453,963
176,59.7453,937
176,59.7453,1289
176,59.7453,1304
176,59.7453,1344
176,59.7453,1356
176,59.7453,1380
176,59.7453,1361
176,59.7453,946
176,59.7453,1374
176,59.7453,670
176,59.7453,942
176,59.7453,880
176,59.7453,785
176,59.7453,1077
176,59.7453,984
176,59.7453,812
176,59.7453,813
176,59.7453,684
176,59.9214,649
176,59.9214,684
176,59.9214,745
176,59.9214,923
176,59.9214,982
176,59.9214,680
176,59.9214,1587
176,59.9214,1305
176,59.9214,681
176,59.9214,808
176,59.9214,794
176,59.9214,947
176,59.9214,943
176,59.9214,894
176,59.9214,968
176,59.9214,914
176,59.9214,768
176,59.9214,1499
176,59.9214,1342
176,59.9214,698
176,59.9214,916
176,59.9214,672
176,59.9214,858
176,59.9214,1004
176,59.9214,950
176,59.9214,942
176,59.9214,1003
176,59.9214,955
176,59.9214,956
176,59.9214,943
176,59.9214,731
176,60.396,639
176,60.396,646
176,60.396,730
176,60.396,1165
176,60.396,695
176,60.396,742
176,60.396,805
176,60.396,738
176,60.396,1320
176,60.396,1371
176,60.396,1342
176,60.396,1322
176,60.396,1271
176,60.396,1391
176,60.396,945
176,60.396,717
176,60.396,1253
176,60.396,878
176,60.396,903
176,60.396,896
176,60.396,1022
176,60.396,869
176,60.396,784
176,60.396,812
176,60.396,683
176,60.396,980
176,60.396,662
176,60.396,1070
176,60.396,714
176,60.396,1895
176,59.6421,1403
176,59.6421,1364
176,59.6421,1296
176,59.6421,1322
176,59.6421,1361
176,59.6421,1329
176,59.6421,1312
176,59.6421,888
176,59.6421,731
176,59.6421,1209
176,59.6421,888
176,59.6421,1212
176,59.6421,804
176,59.6421,926
176,59.6421,895
176,59.6421,968
176,59.6421,1329
176,59.6421,978
176,59.6421,605
176,59.6421,899
176,59.6421,682
176,59.6421,919
176,59.6421,646
176,59.6421,618
176,59.6421,605
176,59.6421,801
176,59.6421,756
176,59.6421,942
176,59.6421,848
176,59.6421,779
176,60.2767,1765
176,60.2767,1218
176,60.2767,1359
176,60.2767,1503
176,60.2767,1516
176,60.2767,1365
176,60.2767,1611
176,60.2767,1474
176,60.2767,789
176,60.2767,767
176,60.2767,761
176,60.2767,1626
176,60.2767,1322
176,60.2767,1311
176,60.2767,1316
176,60.2767,1376
176,60.2767,1348
176,60.2767,1373
176,60.2767,1184
176,60.2767,1353
176,60.2767,1492
176,60.2767,1361
176,60.2767,1318
176,60.2767,908
176,60.2767,799
176,60.2767,705
176,60.2767,681
176,60.2767,1300
176,60.2767,1336
176,60.2767,1318
176,60.2767,964
176,59.9803,1440
176,59.9803,1305
176,59.9803,1327
176,59.9803,1377
176,59.9803,1367
176,59.9803,1377
176,59.9803,1371
176,59.9803,1367
176,59.9803,1655
176,59.9803,1355
176,59.9803,857
176,59.9803,813
176,59.9803,920
176,59.9803,909
176,59.9803,972
176,59.9803,957
176,59.9803,1708
176,59.9803,1451
176,59.9803,1335
176,59.9803,1332
176,59.9803,912
176,59.9803,1337
176,59.9803,1598
176,59.9803,1632
176,59.9803,1115
176,59.9803,1343
176,59.9803,1380
176,59.9803,806
176,59.9803,862
176,59.9803,669
176,60.0394,837
176,60.0394,1593
176,60.0394,1352
176,60.0394,1411
176,60.0394,1353
176,60.0394,1344
176,60.0394,1349
176,60.0394,1346
176,60.0394,1312
176,60.0394,1318
176,60.0394,1529
176,60.0394,1475
176,60.0394,724
176,60.0394,626
176,60.0394,689
176,60.0394,927
176,60.0394,830
176,60.0394,873
176,60.0394,1017
176,60.0394,1056
176,60.0394,1509
176,60.0394,1118
176,60.0394,1634
176,60.0394,956
176,60.0394,825
176,60.0394,853
176,60.0394,662
176,60.0394,696
176,60.0394,1378
176,60.0394,940
176,60.0394,767
176,59.9803,933
176,59.9803,944
176,59.9803,764
176,59.9803,1790
176,59.9803,1103
176,59.9803,996
176,59.9803,990
176,59.9803,968
176,59.9803,1014
176,59.9803,1072
176,59.9803,1489
176,59.9803,1384
176,59.9803,699
176,59.9803,1383
176,59.9803,909
176,59.9803,678
176,59.9803,704
176,59.9803,872
176,59.9803,954
176,59.9803,1052
176,59.9803,1083
176,59.9803,685
176,59.9803,791
176,59.9803,764
176,59.9803,766
176,59.9803,618
176,59.9803,909
176,59.9803,924
176,59.9803,736
176,59.9803,687
176,59.9803,826
176,59.9803,702
176,59.9803,918
176,59.9803,701
176,59.9803,957
176,59.9803,984
176,59.9803,1161
176,59.9803,927
176,59.9803,987
176,59.9803,813
176,59.9803,665
176,59.9803,775
176,59.9803,1018
176,59.9803,1348
176,59.9803,845
176,59.9803,1398
176,59.9803,733
176,59.9803,666
176,59.9803,938
176,59.9803,871
176,59.9803,669
176,59.9803,949
176,59.9803,1019
176,59.9803,894
176,59.9803,915
176,59.9803,1013
176,59.9803,969
176,59.9803,704
176,59.9803,1451
176,59.9803,708
176,59.8802,681
176,59.8802,679
176,59.8802,845
176,59.8802,749
176,59.8802,671
176,59.8802,811
176,59.8802,924
176,59.8802,700
176,59.8802,1084
176,59.8802,1413
176,59.8802,1306
176,59.8802,1332
176,59.8802,1370
176,59.8802,1341
176,59.8802,1353
176,59.8802,1352
176,59.8802,1327
176,59.8802,1374
176,59.8802,1322
176,59.8802,1347
176,59.8802,1324
176,59.8802,1358
176,59.8802,1341
176,59.8802,1388
176,59.8802,1373
176,59.8802,1349
176,59.8802,1003
176,59.8802,787
176,59.8802,779
176,59.8802,847
176,59.9401,790
176,59.9401,823
176,59.9401,840
176,59.9401,817
176,59.9401,955
176,59.9401,803
176,59.9401,785
176,59.9401,787
176,59.9401,695
176,59.9401,825
176,59.9401,937
176,59.9401,1065
176,59.9401,1105
176,59.9401,772
176,59.9401,888
176,59.9401,782
176,59.9401,701
176,59.9401,827
176,59.9401,1413
176,59.9401,1313
176,59.9401,1338
176,59.9401,1363
176,59.9401,1287
176,59.9401,1308
176,59.9401,1336
176,59.9401,1322
176,59.9401,755
176,59.9401,583
176,59.9401,562
176,59.9401,642
176,59.9401,583
176,59.9401,813
176,59.9401,617
176,59.9401,770
176,59.9401,1348
176,59.9401,1355
176,59.9401,1352
176,59.9401,1342
176,59.9401,928
176,59.9401,836
176,59.9401,965
176,59.9401,1320
176,59.9401,1315
176,59.9401,1355
176,59.9401,1339
176,59.9401,1340
176,59.9401,1352
176,59.9401,1284
176,59.9401,893
176,59.9401,726
176,59.9401,671
176,59.9401,616
176,59.9401,656
176,59.9401,810
176,59.9401,918
176,59.9401,774
176,59.9401,766
176,59.9401,735
176,59.9401,735
176,59.9401,840
176,59.9401,821
176,60.2172,921
176,60.2172,846
176,60.2172,994
176,60.2172,1046
176,60.2172,1229
176,60.2172,1340
176,60.2172,709
176,60.2172,707
176,60.2172,809
176,60.2172,751
176,60.2172,866
176,60.2172,936
176,60.2172,803
176,60.2172,848
176,60.2172,957
176,60.2172,941
176,60.2172,787
176,60.2172,796
176,60.2172,800
176,60.2172,1346
176,60.2172,1361
176,60.2172,966
176,60.2172,665
176,60.2172,780
176,60.2172,849
176,60.2172,724
176,60.2172,1381
176,60.2172,1298
176,60.2172,1339
176,60.2172,1342
176,59.8802,921
176,59.8802,946
176,59.8802,888
176,59.8802,727
176,59.8802,847
176,59.8802,765
176,59.8802,1338
176,59.8802,1038
176,59.8802,767
176,59.8802,684
176,59.8802,800
176,59.8802,1357
176,59.8802,1332
176,59.8802,919
176,59.8802,797
176,59.8802,737
176,59.8802,803
176,59.8802,955
176,59.8802,671
176,59.8802,779
176,59.8802,598
176,59.8802,682
176,59.8802,971
176,59.8802,976
176,59.8802,947
176,59.8802,1004
176,59.8802,1321
176,59.8802,1318
176,59.8802,1310
176,59.8802,1370
176,60.2172,914
176,60.2172,925
176,60.2172,668
176,60.2172,798
176,60.2172,972
176,60.2172,932
176,60.2172,950
176,60.2172,827
176,60.2172,793
176,60.2172,808
176,60.2172,954
176,60.2172,778
176,60.2172,948
176,60.2172,834
176,60.2172,778
176,60.2172,665
176,60.2172,822
176,60.2172,764
176,60.2172,798
176,60.2172,937
176,60.2172,922
176,60.2172,788
176,60.2172,725
176,60.2172,946
176,60.2172,906
176,60.2172,815
176,60.2172,805
176,60.2172,722
176,60.2172,955
176,60.2172,801
176,59.761,769
176,59.761,750
176,59.761,755
176,59.761,819
176,59.761,937
176,59.761,710
176,59.761,688
176,59.761,905
176,59.761,854
176,59.761,811
176,59.761,989
176,59.761,1063
176,59.761,922
176,59.761,951
176,59.761,760
176,59.761,1305
176,59.761,1590
176,59.761,1541
176,59.761,1390
176,59.761,1334
176,59.761,891
176,59.761,769
176,59.761,893
176,59.761,882
176,59.761,948
176,59.761,711
176,59.761,832
176,59.761,1584
176,59.761,1409
176,59.761,860
176,59.761,783
176,60.2172,1352
176,60.2172,1440
176,60.2172,1410
176,60.2172,1346
176,60.2172,1370
176,60.2172,1277
176,60.2172,1280
176,60.2172,1335
176,60.2172,1387
176,60.2172,1328
176,60.2172,1336
176,60.2172,1363
176,60.2172,1323
176,60.2172,1326
176,60.2172,1147
176,60.2172,849
176,60.2172,661
176,60.2172,761
176,60.2172,805
176,60.2172,758
176,60.2172,1303
176,60.2172,793
176,60.2172,766
176,60.2172,782
176,60.2172,786
176,60.2172,739
176,60.2172,905
176,60.2172,1013
176,60.2172,1117
176,60.2172,755
176,59.9803,1541
176,59.9803,815
176,59.9803,884
176,59.9803,840
176,59.9803,799
176,59.9803,599
176,59.9803,674
176,59.9803,953
176,59.9803,902
176,59.9803,971
176,59.9803,1333
176,59.9803,1430
176,59.9803,1337
176,59.9803,1326
176,59.9803,1399
176,59.9803,735
176,59.9803,794
176,59.9803,979
176,59.9803,754
176,59.9803,1340
176,59.9803,1484
176,59.9803,1357
176,59.9803,1358
176,59.9803,1445
176,59.9803,981
176,59.9803,809
176,59.9803,697
176,59.9803,1348
176,59.9803,985
176,59.9803,977
176,59.9803,1679
176,59.8039,1049
176,59.8039,973
176,59.8039,815
176,59.8039,835
176,59.8039,1384
176,59.8039,850
176,59.8039,744
176,59.8039,732
176,59.8039,727
176,59.8039,1318
176,59.8039,1311
176,59.8039,1013
176,59.8039,788
176,59.8039,685
176,59.8039,666
176,59.8039,1377
176,59.8039,1631
176,59.8039,1626
176,59.8039,1372
176,59.8039,825
176,59.8039,781
176,59.8039,851
176,59.8039,909
176,59.8039,836
176,59.8039,818
176,59.8039,739
176,59.8039,796
176,59.8039,1412
176,59.8039,1414
176,59.8039,924
176,59.9803,676
176,59.9803,660
176,59.9803,983
176,59.9803,1340
176,59.9803,1310
176,59.9803,1314
176,59.9803,1318
176,59.9803,1307
176,59.9803,1248
176,59.9803,1326
176,59.9803,929
176,59.9803,859
176,59.9803,813
176,59.9803,994
176,59.9803,876
176,59.9803,938
176,59.9803,957
176,59.9803,969
176,59.9803,940
176,59.9803,1338
176,59.9803,1370
176,59.9803,946
176,59.9803,794
176,59.9803,861
176,59.9803,848
176,59.9803,838
176,59.9803,866
176,59.9803,858
176,59.9803,679
176,59.9803,1368
176,59.9803,917
176,60.2172,1486
176,60.2172,1526
176,60.2172,1088
176,60.2172,1510
176,60.2172,1022
176,60.2172,916
176,60.2172,871
176,60.2172,849
176,60.2172,904
176,60.2172,1317
176,60.2172,836
176,60.2172,704
176,60.2172,801
176,60.2172,750
176,60.2172,943
176,60.2172,1371
176,60.2172,1341
176,60.2172,1375
176,60.2172,1332
176,60.2172,1370
176,60.2172,1354
176,60.2172,1350
176,60.2172,1263
176,60.2172,1456
176,60.2172,1489
176,60.2172,774
176,60.2172,771
176,60.2172,1364
176,60.2172,1331
176,60.2172,1367
176,59.8205,872
176,59.8205,760
176,59.8205,704
176,59.8205,970
176,59.8205,828
176,59.8205,997
176,59.8205,1079
176,59.8205,1041
176,59.8205,1370
176,59.8205,939
176,59.8205,945
176,59.8205,677
176,59.8205,699
176,59.8205,826
176,59.8205,1003
176,59.8205,789
176,59.8205,1003
176,59.8205,669
176,59.8205,772
176,59.8205,802
176,59.8205,794
176,59.8205,946
176,59.8205,1022
176,59.8205,699
176,59.8205,654
176,59.8205,635
176,59.8205,782
176,59.8205,963
176,59.8205,661
176,59.8205,687
176,60.0985,787
176,60.0985,709
176,60.0985,1344
176,60.0985,741
176,60.0985,722
176,60.0985,768
176,60.0985,780
176,60.0985,820
176,60.0985,695
176,60.0985,873
176,60.0985,860
176,60.0985,977
176,60.0985,735
176,60.0985,751
176,60.0985,612
176,60.0985,609
176,60.0985,831
176,60.0985,1346
176,60.0985,1358
176,60.0985,1321
176,60.0985,1319
176,60.0985,1365
176,60.0985,1356
176,60.0985,1332
176,60.0985,958
176,60.0985,974
176,60.0985,796
176,60.0985,822
176,60.0985,843
176,60.0985,947
176,59.9401,604
176,59.9401,825
176,59.9401,751
176,59.9401,1028
176,59.9401,917
176,59.9401,935
176,59.9401,946
176,59.9401,863
176,59.9401,680
176,59.9401,805
176,59.9401,1013
176,59.9401,765
176,59.9401,676
176,59.9401,940
176,59.9401,1349
176,59.9401,1358
176,59.9401,1333
176,59.9401,1326
176,59.9401,983
176,59.9401,795
176,59.9401,785
176,59.9401,816
176,59.9401,1137
176,59.9401,1530
176,59.9401,1316
176,59.9401,1186
176,59.9401,849
176,59.9401,867
176,59.9401,911
176,59.9401,821
176,59.9401,914
176,60.1578,714
176,60.1578,647
176,60.1578,1369
176,60.1578,719
176,60.1578,878
176,60.1578,1347
176,60.1578,957
176,60.1578,1023
176,60.1578,1068
176,60.1578,1315
176,60.1578,1335
176,60.1578,1407
176,60.1578,1357
176,60.1578,1350
176,60.1578,1352
176,60.1578,1305
176,60.1578,1354
176,60.1578,1349
176,60.1578,1302
176,60.1578,1322
176,60.1578,1304
176,60.1578,946
176,60.1578,781
176,60.1578,670
176,60.1578,668
176,60.1578,789
176,60.1578,789
176,60.1578,830
176,60.1578,714
176,60.1578,761
176,59.8039,662
176,59.8039,962
176,59.8039,795
176,59.8039,711
176,59.8039,772
176,59.8039,777
176,59.8039,824
176,59.8039,674
176,59.8039,897
176,59.8039,868
176,59.8039,815
176,59.8039,1324
176,59.8039,1357
176,59.8039,1301
176,59.8039,1395
176,59.8039,1352
176,59.8039,1365
176,59.8039,816
176,59.8039,908
176,59.8039,796
176,59.8039,1328
176,59.8039,1371
176,59.8039,947
176,59.8039,687
176,59.8039,1002
176,59.8039,1129
176,59.8039,1027
176,59.8039,1102
176,59.8039,883
176,59.8039,1262
176,59.8039,1302
176,59.9803,1361
176,59.9803,1356
176,59.9803,806
176,59.9803,798
176,59.9803,937
176,59.9803,846
176,59.9803,756
176,59.9803,941
176,59.9803,916
176,59.9803,782
176,59.9803,818
176,59.9803,980
176,59.9803,1008
176,59.9803,826
176,59.9803,805
176,59.9803,854
176,59.9803,783
176,59.9803,1373
176,59.9803,1326
176,59.9803,1316
176,59.9803,945
176,59.9803,959
176,59.9803,781
176,59.9803,920
176,59.9803,793
176,59.9803,1309
176,59.9803,1344
176,59.9803,1351
176,59.9803,1309
176,59.9803,955
176,59.9803,594
176,59.9803,928
176,59.9803,928
176,59.9803,1036
176,59.9803,886
176,59.9803,1004
176,59.9803,1433
176,59.9803,1908
176,59.9803,1460
176,59.9803,1566
176,59.9803,743
176,59.9803,837
176,59.9803,682
176,59.9803,883
176,59.9803,1500
176,59.9803,928
176,59.9803,892
176,59.9803,827
176,59.9803,778
176,59.9803,850
176,59.9803,834
176,59.9803,1324
176,59.9803,706
176,59.9803,1368
176,59.9803,1059
176,59.9803,923
176,59.9803,987
176,59.9803,702
176,59.9803,952
176,59.9803,1323
176,59.9803,1364
176,60.0394,1433
176,60.0394,1278
176,60.0394,1334
176,60.0394,1292
176,60.0394,1307
176,60.0394,1322
176,60.0394,1298
176,60.0394,985
176,60.0394,1162
176,60.0394,931
176,60.0394,718
176,60.0394,895
176,60.0394,1144
176,60.0394,933
176,60.0394,766
176,60.0394,1363
176,60.0394,997
176,60.0394,859
176,60.0394,1083
176,60.0394,1586
176,60.0394,936
176,60.0394,678
176,60.0394,1346
176,60.0394,1354
176,60.0394,718
176,60.0394,1127
176,60.0394,846
176,60.0394,817
176,60.0394,981
176,60.0394,704
176,60.1578,1469
176,60.1578,967
176,60.1578,998
176,60.1578,810
176,60.1578,932
176,60.1578,862
176,60.1578,655
176,60.1578,680
176,60.1578,759
176,60.1578,641
176,60.1578,702
176,60.1578,784
176,60.1578,678
176,60.1578,905
176,60.1578,990
176,60.1578,1079
176,60.1578,1060
176,60.1578,674
176,60.1578,1430
176,60.1578,915
176,60.1578,956
176,60.1578,667
176,60.1578,1377
176,60.1578,1393
176,60.1578,1344
176,60.1578,1431
176,60.1578,874
176,60.1578,944
176,60.1578,815
176,60.1578,1249
176,60.1578,715
176,59.9803,966
176,59.9803,1029
176,59.9803,972
176,59.9803,818
176,59.9803,816
176,59.9803,839
176,59.9803,809
176,59.9803,952
176,59.9803,692
176,59.9803,716
176,59.9803,796
176,59.9803,807
176,59.9803,963
176,59.9803,827
176,59.9803,911
176,59.9803,1025
176,59.9803,958
176,59.9803,811
176,59.9803,1009
176,59.9803,842
176,59.9803,930
176,59.9803,867
176,59.9803,853
176,59.9803,748
176,59.9803,732
176,59.9803,610
176,59.9803,797
176,59.9803,788
176,59.9803,755
176,59.9803,853
176,60.0394,838
176,60.0394,984
176,60.0394,1133
176,60.0394,1065
176,60.0394,1033
176,60.0394,907
176,60.0394,924
176,60.0394,1406
176,60.0394,840
176,60.0394,994
176,60.0394,739
176,60.0394,1352
176,60.0394,676
176,60.0394,835
176,60.0394,913
176,60.0394,751
176,60.0394,918
176,60.0394,972
176,60.0394,1023
176,60.0394,964
176,60.0394,846
176,60.0394,917
176,60.0394,766
176,60.0394,998
176,60.0394,958
176,60.0394,634
176,60.0394,695
176,60.0394,970
176,60.0394,758
176,60.0394,687
176,60.0394,825
176,61.0236,769
176,61.0236,667
176,61.0236,959
176,61.0236,1127
176,61.0236,746
176,61.0236,1127
176,61.0236,1548
176,61.0236,911
176,61.0236,1298
176,61.0236,1338
176,61.0236,1328
176,61.0236,1340
176,61.0236,678
176,61.0236,1319
176,61.0236,700
176,61.0236,649
176,61.0236,667
176,61.0236,804
176,61.0236,755
176,61.0236,692
176,61.0236,695
176,61.0236,743
176,61.0236,962
176,61.0236,997
176,61.0236,841
176,61.0236,878
176,61.0236,1299
176,61.0236,914
176,61.0236,755
176,61.0236,1347
176,61.0236,1311
176,59.7453,1301
176,59.7453,1319
176,59.7453,1580
176,59.7453,997
176,59.7453,1601
176,59.7453,1099
176,59.7453,871
176,59.7453,861
176,59.7453,759
176,59.7453,864
176,59.7453,851
176,59.7453,783
176,59.7453,832
176,59.7453,690
176,59.7453,680
176,59.7453,743
176,59.7453,787
176,59.7453,838
176,59.7453,902
176,59.7453,877
176,59.7453,650
176,59.7453,1136
176,59.7453,1191
176,59.7453,1439
176,59.7453,1334
176,59.7453,1283
176,59.7453,644
176,59.7453,832
176,59.7453,785
176,59.7453,940
176,60.0394,942
176,60.0394,794
176,60.0394,964
176,60.0394,994
176,60.0394,770
176,60.0394,918
176,60.0394,858
176,60.0394,1361
176,60.0394,1309
176,60.0394,1351
176,60.0394,1367
176,60.0394,1255
176,60.0394,1348
176,60.0394,907
176,60.0394,1339
176,60.0394,1351
176,60.0394,919
176,60.0394,1351
176,60.0394,1369
176,60.0394,909
176,60.0394,985
176,60.0394,897
176,60.0394,1006
176,60.0394,1068
176,60.0394,1105
176,60.0394,1063
176,60.0394,866
176,60.0394,1467
176,60.0394,1344
176,60.0394,1358
176,60.0394,1572
176,59.9803,726
176,59.9803,945
176,59.9803,931
176,59.9803,907
176,59.9803,1347
176,59.9803,1033
176,59.9803,1334
176,59.9803,1319
176,59.9803,940
176,59.9803,930
176,59.9803,978
176,59.9803,773
176,59.9803,939
176,59.9803,914
176,59.9803,760
176,59.9803,668
176,59.9803,962
176,59.9803,892
176,59.9803,783
176,59.9803,847
176,59.9803,622
176,59.9803,937
176,59.9803,933
176,59.9803,930
176,59.9803,708
176,59.9803,881
176,59.9803,909
176,59.9803,833
176,59.9803,781
176,59.9803,952
176,60.2172,1428
176,60.2172,1316
176,60.2172,1347
176,60.2172,1352
176,60.2172,1347
176,60.2172,1317
176,60.2172,1353
176,60.2172,1348
176,60.2172,779
176,60.2172,947
176,60.2172,923
176,60.2172,1109
176,60.2172,1131
176,60.2172,931
176,60.2172,1101
176,60.2172,1383
176,60.2172,856
176,60.2172,834
176,60.2172,767
176,60.2172,703
176,60.2172,865
176,60.2172,907
176,60.2172,1381
176,60.2172,925
176,60.2172,1436
176,60.2172,1319
176,60.2172,1338
176,60.2172,1321
176,60.2172,1324
176,60.2172,936
176,60.2172,871
176,60.7843,757
176,60.7843,1290
176,60.7843,1321
176,60.7843,758
176,60.7843,630
176,60.7843,677
176,60.7843,684
176,60.7843,1391
176,60.7843,1376
176,60.7843,660
176,60.7843,624
176,60.7843,624
176,60.7843,1327
176,60.7843,997
176,60.7843,924
176,60.7843,778
176,60.7843,883
176,60.7843,674
176,60.7843,871
176,60.7843,786
176,60.7843,969
176,60.7843,645
176,60.7843,879
176,60.7843,482
176,60.7843,570
176,60.7843,879
176,60.7843,983
176,60.7843,1347
176,60.7843,730
176,60.7843,912
176,60.7843,788
176,61.2648,879
176,61.2648,1272
176,61.2648,1622
176,61.2648,759
176,61.2648,719
176,61.2648,771
176,61.2648,756
176,61.2648,963
176,61.2648,709
176,61.2648,860
176,61.2648,506
176,61.2648,664
176,61.2648,788
176,61.2648,1037
176,61.2648,877
176,61.2648,889
176,61.2648,472
176,61.2648,870
176,61.2648,789
176,61.2648,799
176,61.2648,715
176,61.2648,632
176,61.2648,606
176,61.2648,761
176,61.2648,744
176,61.2648,797
176,61.2648,803
176,61.2648,782
176,61.2648,916
176,61.2648,926
176,61.2648,827
176,61.2648,815
176,62.9371,916
176,62.9371,649
176,62.9371,791
176,62.9371,761
176,62.9371,831
176,62.9371,730
176,62.9371,930
176,62.9371,1093
176,62.9371,695
176,62.9371,861
176,62.9371,900
176,62.9371,811
176,62.9371,789
176,62.9371,910
176,62.9371,694
176,62.9371,825
176,62.9371,459
176,62.9371,465
176,62.9371,636
176,62.9371,968
176,62.9371,938
176,62.9371,751
176,62.9371,748
176,62.9371,782
176,62.9371,829
176,62.9371,998
176,62.9371,970
176,62.9371,805
176,62.9371,945
176,62.9371,855
176,62.9371,929
176,60.9037,861
176,60.9037,816
176,60.9037,964
176,60.9037,887
176,60.9037,787
176,60.9037,846
176,60.9037,847
176,60.9037,885
176,60.9037,845
176,60.9037,966
176,60.9037,841
176,60.9037,904
176,60.9037,843
176,60.9037,646
176,60.9037,949
176,60.9037,783
176,60.9037,839
176,60.9037,965
176,60.9037,714
176,60.9037,947
176,60.9037,938
176,60.9037,855
176,60.9037,750
176,60.9037,475
176,60.9037,849
176,60.9037,865
176,60.9037,662
176,60.9037,663
176,60.9037,808
176,60.9037,760
176,60.9037,484
176,61.8146,975
176,61.8146,799
176,61.8146,857
176,61.8146,825
176,61.8146,1002
176,61.8146,833
176,61.8146,817
176,61.8146,817
176,61.8146,737
176,61.8146,932
176,61.8146,898
176,61.8146,807
176,61.8146,625
176,61.8146,742
176,61.8146,769
176,61.8146,730
176,61.8146,763
176,61.8146,717
176,61.8146,669
176,61.8146,727
176,61.8146,931
176,61.8146,872
176,61.8146,732
176,61.8146,837
176,61.8146,1376
176,61.8146,1101
176,61.8146,1479
176,61.8146,1197
176,61.8146,888
176,61.8146,821
176,61.8146,727
176,62.253,868
176,62.253,873
176,62.253,669
176,62.253,847
176,62.253,787
176,62.253,844
176,62.253,832
176,62.253,843
176,62.253,1010
176,62.253,861
176,62.253,794
176,62.253,619
176,62.253,733
176,62.253,775
176,62.253,766
176,62.253,1361
176,62.253,1332
176,62.253,1321
176,62.253,934
176,62.253,1150
176,62.253,949
176,62.253,1081
176,62.253,893
176,62.253,755
176,62.253,813
176,62.253,798
176,62.253,894
176,62.253,775
176,62.253,777
176,62.253,703
176,62.253,769
176,60.9391,696
176,60.9391,1006
176,60.9391,1370
176,60.9391,678
176,60.9391,677
176,60.9391,1324
176,60.9391,1343
176,60.9391,982
176,60.9391,670
176,60.9391,820
176,60.9391,704
176,60.9391,711
176,60.9391,1681
176,60.9391,735
176,60.9391,613
176,60.9391,631
176,60.9391,852
176,60.9391,789
176,60.9391,784
176,60.9391,1278
176,60.9391,670
176,60.9391,677
176,60.9391,786
176,60.9391,836
176,60.9391,820
176,60.9391,1146
176,60.9391,751
176,60.9391,914
176,60.9391,966
176,60.9391,922
176,60.9391,1415
176,60.844,930
176,60.844,942
176,60.844,930
176,60.844,980
176,60.844,684
176,60.844,762
176,60.844,639
176,60.844,932
176,60.844,1023
176,60.844,1016
176,60.844,850
176,60.844,905
176,60.844,875
176,60.844,909
176,60.844,698
176,60.844,672
176,60.844,740
176,60.844,776
176,60.844,1287
176,60.844,762
176,60.844,619
176,60.844,823
176,60.844,926
176,60.844,1546
176,60.844,664
176,60.844,952
176,60.844,853
176,60.844,849
176,60.844,925
176,60.844,1019
176,60.844,947
176,61.144,895
176,61.144,603
176,61.144,742
176,61.144,1562
176,61.144,591
176,61.144,1327
176,61.144,1378
176,61.144,471
176,61.144,756
176,61.144,1135
176,61.144,1029
176,61.144,861
176,61.144,847
176,61.144,847
176,61.144,1204
176,61.144,613
176,61.144,874
176,61.144,1139
176,61.144,1426
176,61.144,1262
176,61.144,1553
176,61.144,676
176,61.144,675
176,61.144,890
176,61.144,807
176,61.144,865
176,61.144,925
176,61.144,854
176,61.144,729
176,61.144,953
176,61.144,650
176,61.144,751
176,61.144,1282
176,61.144,1347
176,67.1937,745
176,67.1937,883
176,67.1937,710
176,67.1937,955
176,67.1937,731
176,67.1937,910
176,67.1937,677
176,67.1937,694
176,67.1937,751
176,67.1937,884
176,67.1937,1000
176,67.1937,696
176,67.1937,969
176,67.1937,969
176,67.1937,871
176,67.1937,898
176,67.1937,919
176,67.1937,948
176,67.1937,731
176,67.1937,626
176,67.1937,677
176,67.1937,675
176,67.1937,618
176,67.1937,1354
176,67.1937,1045
176,67.1937,1621
176,67.1937,1161
176,67.1937,971
176,67.1937,943
176,67.1937,1048
176,60.757,1003
176,60.757,1086
176,60.757,731
176,60.757,1197
176,60.757,847
176,60.757,902
176,60.757,779
176,60.757,721
176,60.757,759
176,60.757,944
176,60.757,594
176,60.757,1092
176,60.757,1343
176,60.757,1048
176,60.757,627
176,60.757,870
176,60.757,905
176,60.757,739
176,60.757,953
176,60.757,1142
176,60.757,649
176,60.757,1712
176,60.757,826
176,60.757,816
176,60.757,839
176,60.757,745
176,60.757,1160
176,60.757,765
176,60.757,738
176,60.757,960
176,60.757,1382
176,60.757,1025
176,60.757,1020
176,64.9351,855
176,64.9351,772
176,64.9351,605
176,64.9351,1120
176,64.9351,770
176,64.9351,1490
176,64.9351,1114
176,64.9351,762
176,64.9351,770
176,64.9351,1358
176,64.9351,958
176,64.9351,670
